0 1784 1814 2812 4397 5434
1 991 1206 1657 1920 3755 4392 5325 5465 5517 6347 6718
2 2864 2946 4446 4744 5878 6134 6467 6891 7770
3 1703 1827 2402 2466 2746 2889 3177 4457 5878
4 414 742 769 1814 1829 2114 2118 4543 5174 5392 5559 5909 6995 7015 7264
5 406 1657 2149 2979 3132 4193 5358 5808 7109 7609 7917
6 2030 2149 3331 4371 6305
7 93 3949 5434 5944 7092
8 158 1133 1641 1642 2824 2906 4551 4805 6877 6886
9 140 734 903 956 1189 3537 4171 4330 5028
10 2979 3564 3583 3888 4036 4140 4403 4530
11 2390 2903 3569 3665 4666 5884
12 93 2402 2408 2481 3052 3888 3898 3938 3983 4371 4392 4572 5174 5176 6334 6844 6974 7289 7846
13 660 1286 1657 2466 2716 3125
14 657 1219 1622 3331 5434 5563
15 1642 1995 3045 3331 3553 3681 4397 4974 5836 6153
16 405 414 627 1360 2440 3010 3397 4491 4572 4691 5826 6361 6493 6877 6878 7071 7109 7214 7218 7362 7431
17 61 93 1934 2103 2197 2481 2521 3034 3155 4394 6949 7266 7333 7486
18 732 2979 4403 4935 4969 5049 5657
19 1189 1999 2438 2490 2504 2602 3050 3259 3583 3755 3888 4139 5039 5401 5434 5702 7431
20 432 1605 1846 2426 2501 2979
21 311 742 1475 2510 4540 5358 5368
22 1077 1086 3331 4206 4957 4967 6383 6493
23 261 1087 1657 2097 2366 2449 3052 3056 3058 4449 5042 5465 5711 5712 5847 6774 7238
24 653 2140 2486 4233 4677 5005
25 1814 2066 2236 2441 2445 2449 2466 3331 3814 4301 5909
26 61 90 174 248 2333 2466 2799 2826 2951 3056 3059 3476 3972 4404 5569 6891 6949 7371
27 261 276 432 3331 3524 3564 3755 4394 4503 4626 4633 4935 5049 5510 6493 6720 6919 7553 7846
28 2097 2315 2343 3564 3583 3888 3989 4139 4301 4302 4361 4394 4530
29 81 93 113 328 1746 2110 2134 2498 2544 3033 3048 3052 3474 3592 3755 3781 4404 4570 6774 7015 7240
30 1496 1957 1980 2407 2423 2838 3814 4392 4503 5569 5844
31 978 1657 3052 3574 3949 4392 4468 5117 5306 5322 5384 5392 5403 5512 5613 5789 5808 5844 6518 6774 7453
32 2886 3474 3934 4081 4119 4406 4426 5564 6335 6610 7323 7577
33 1904 2896 2967 4853 6600 6688 7622 7861
34 1549 2729 3564 6347 7016 7130 7469 7546
35 553 745 1629 2236 2253 2905 4550
36 1721 3574 3983 5392 5563 5573 6485 7015 7453
37 192 414 661 1587 1692 1700 1721 2245 2450 2675 3093 3665 5048 5404 5504 5512 5655 5860 6644 6964 6974 7015 7122 7484 7536 7760 7785 7863
38 1553 3795 3992 4403 5879 6084 6688 6844
39 25 56 357 501 754 1006 1583 1967 2590 2700 2932 4132 4237 4240 4534 4841 5190 5598 5635 6384 6391
40 2236 3052 3232 3564 3811 5675 5844 6485 6580 7599 7941
41 3972 3978 4873 5042 5174 5325 5392 5403 5404 5465 6734 6774 7015
42 499 3499 5864 6058 6734 7599 7927
43 1249 2903 2988 3336 3341 6084 7890
44 627 773 1846 2838 4081 5598 5721 5878 5975 6050 6878
45 333 2253 3089 3574 4105 4584 4954 5362 5487 6718 7486
46 616 1657 3459 4633 5465 5512 6477 6819 6951
47 2315 2602 3564 3927 5095 6774 7520
48 93 475 553 3948 4969 5281 5362 5573 5591 6153 6235 6250 6521 6737 6995
49 414 769 1814 2119 2406 2466 3564 4371 5117 5325 5371 5434 5844 5864 6734 6995 7388 7425 7599 7947
50 158 330 421 662 680 742 773 1481 1951 2012 2114 2236 2245 2262 2445 3036 3039 3988 4194 4371 4457 5381 5465 5510 5628 5864 5878 5909 6926
51 575 1189 2065 2648 2924 3356 3721 4194 4348 4503 4625 4729 5437 5879 6050 6384 6819
52 2047 2236 2739 2884 4393 4397 5639 5878 7210
53 754 758 2119 2253 2489 2501 3331 3948 4572 5283 5403 5864 6153 6735
54 553 3735 4566 5798 5909 6485 7425 7773
55 780 2047 2449 2617 2664 3362 3480 3499 3994 4595 5084 5354 5878 6526
56 1360 3755 4569 4626 4969 5042 5174 6485 6949
57 2149 2232 2333 2950 3307 7544
58 813 1400 1484 2837 4409 5018 5610
59 118 2143 3308 4103 4392 4394 5253 5878 6207 6734 6774 6919 7238 7395 7436
60 516 2114 2424 3125 3811 3814 3948 4394 5403 5844 5864 5909 5944 7266
61 332 1045 2286 2291 2336 2808 3013 3392 4031 4712 7831
62 93 1073 1657 1846 2979 3052 3388 3574 3583 3931 5176 5465 5808 6448
63 3994 4873 5042 5049 5095 5174 5216 5257 5325 5392 5403 5404 5465 5512 5533 5573 5609 5613 5630 5660 5675 5676 5808 6493 7015
64 2216 2426 6405 6799 7446 7870
65 254 397 1012 1360 1511 1657 2406 2838 3191 3353 4313 6462 7810
66 723 924 2024 2368 2449 3611 4834 5141 5878 6387
67 248 1657 2097 3583 3755 4392 4403 5322 5403 5655 5808 6153 6774 7794
68 81 773 2114 2421 2426 3058 3665 3811 4569 5174 5322 5403 5465 5510 5512 5613 5695 5711 7898
69 520 1824 4943 5400 5586 6734
70 285 299 300 301 302 371 475 1763 1854 1855 1857 1873 2069 3052 4939 4941 4944 5563 5609 5613 5878 6301 6493 7679
71 244 2003 2236 2257 2521 2839 2894 3051 3176 3331 4904
72 800 3247 4371 4677 5466 6995
73 2408 2602 3938 3948 3949 5400 5602 5687 6613 6774
74 553 1120 1217 2861 4312 5739 5741 5780 5878 6440
75 742 769 919 1405 2249 2407 2903 4103 5844 5909 6737 7739 7863
76 1280 1642 2114 2421 2660 2835 3250 3428 3750 3877 3945 4309 4397 4403 5042 5061 6084
77 1086 2618 2698 3035 3064 3381 5232 5773 6257 6514 7510
78 81 118 129 140 627 732 868 1455 3058 4075 4391 4550 5434 5436 5711 6493 6580 6693 6877 6964 7620
79 193 745 773 2245 2426 3949 4677 5155 5730 5844 5864 6912 6964 7955
80 93 801 3988 4403 4935 5666
81 602 3742 4641 4803 6761 7839
82 4361 4629 5014 5039 5040 5176 5322 5533 5552 5573 5655 5657 5658 5798 6369
83 2501 3476 3579 3619 4397 5014 5061
84 1360 2366 5014 5061 7264
85 328 1652 1846 2336 2366 3755 4484 5340 5563 5619 5665 5864 6907 7266
86 414 835 1652 1973 1974 2168 2602 3053 3564 3949 4037 4301 4775 4935 5049 5050 5095 5404 5434 5466 6369 6767
87 597 2988 3402 3648 4309 5551 5602 5878 6084
88 766 1360 1703 1721 2236 2249 2423 3331 3665 4503 6594 6878 6995 7313
89 633 901 4119 4160 4332 5196 5879 6321 7337 7518
90 81 1609 2915 3485 3948 3994 4397 6367 7599
91 773 1829 2048 2101 2979 3045 3755 4397 4688 5102 5174 5611 6000
92 1087 1829 2249 2418 2421 2466 2501 2942 4403 4543 5117 5169 5176 6878
93 218 402 813 1400 2033 2404 2503 2657 2950 3001 3331 3904 3975 4807 5154 5886 6414
94 439 766 2245 2253 2423 2433 3127 3657 3948 4051 4677 5255 5465 5510 5590 5730 5844 6153 6947 6949
95 882 2042 3052 3948 4315 4503 4712 5306 6578 7231
96 1765 3058 3564 3583 3898 4403 4629 4633 4688 4864 5434 5509 5808 5909 7035
97 61 2131 3052 4397 7109
98 61 1980 2047 5095 7437 7468
99 414 2315 2979 3564 3583 3888 4680 4981 5014 5039 5040 5064 5174 5176 5235 5403 5434 5613 5660 6734
100 553 961 3402 5798 5849 6050
101 1441 1657 1973 2047 2120 2253 2402 2418 3583 4301 4371 5325 5553 5613 6146
102 631 769 867 2116 2119 3304 3714 3844 4222 4285 4562 4573 4575 4752 4770 4995 5293 5300 5472 5721 5758 5789
103 698 1844 2949 5757 6333 6610 6627 6668 7805
104 174 1360 1441 1587 1980 2149 2302 2466 3325 3499 3949 4103 4626 4677 4935 5049 5102 5174 5402 5403 5512 5878 6153 6337 6734 6735 6774 7015 7070 7379 7773
105 821 1315 4087 5878 5952
106 1113 1657 1906 2172 2254 3781 3948 4103 4347 4379 5093 7501
107 607 2149 2249 2979 3934 5878 6886
108 124 2396 2979 3781 3989 7725
109 414 432 1360 2134 2227 2521 3222 3574 3755 4904 5014 5202 5380
110 144 261 1131 2118 2501 3391 3814 4081 5434 5655 6367 6493 6675 6734
111 640 1080 1813 2449 3653 4275 4694 5473 5798 5871 5878 6774 6819 7459
112 732 1587 1814 2407 2445 3545 3814 3938 4301 4397 4503 4626 4633 4935 5381 5465 5563 5602 5808 5844 6084 6348 7863
113 90 766 2253 2408 2445 3665 3781 3814 4503 4633 4864 5602 6799
114 781 870 1280 1721 1813 3052 3811 4340 4779 5197 6588 6737 6774
115 1587 2408 2466 4371 4934 7313
116 261 627 1048 1721 2245 2602 3564 3583 3948 6799
117 813 2356 3056 3073 3685 3811 4084 5724 5789 6919 7063 7388 7436
118 314 315 1118 2315 4049 4392 6816
119 158 2110 3839 4274 4391 5404 6774
120 1652 1657 1973 3564 3583 4301 4392 5049 5655
121 87 934 969 3440 4763 5742 5751 5764
122 631 792 934 957 1000 1198 1642 1657 2119 2979 3583 3749 3752 3898 3920 3989 4016 4394 4641 5056 5232 5276 5533 5730 7176
123 197 248 742 1936 2449 2501 4103 6730 6799 7772
124 769 1657 4472 4560 5283 5392 5434 5630 5654 7264 7622 7799 7846
125 34 269 1019 2149 2903 4156 5878 6279 7510
126 420 1538 1657 1688 3041 3308 3583 3898 3948 4037 4302 4530 5622 6273
127 1485 1820 2117 2979 4748 5516 5595 5608 6737 7574
128 2436 2480 4442 5042 5392 5721 6153 6734 6774 6919 7015 7070
129 2350 2973 4394 4556 5102 5402 5465 5512 6844
130 74 106 1622 2227 3548 3898 4015 5174 5176 5232 5940 6767 7398
131 414 432 2835 3058 3574 3665 4081 4359 4543 4666 5174
132 158 2979 3045 3997 4281 4318 4394 4695 4934 5095 5322 5533 5655
133 2134 2356 3755 3972 5325 5340 5403 5434 5436 5563 5655 5661 6396 7068 7854 7927
134 118 261 627 1099 1980 3340 4015 6246
135 432 1814 1846 2333 2404 3035 3583 5117 5655 6119 6670
136 329 813 1072 1301 2449 2966 3140 3948 4281 4371 5319 5399 5655 5879 7927
137 789 2762 3524 4198 6138 6582 6886 7770
138 379 559 664 769 773 1409 1586 2149 2963 3089 3311 3784 4371 5582 7394
139 317 769 1851 2602 4103 5313 5878 7449 7450
140 414 742 1721 1829 2180 2402 2466 2903 3665 4036 4792 5909 5944 6774 6912
141 2137 2236 2441 3214 3814 3938 4397 4741 5325 5402 5403 5465 5510 5563 5909
142 1360 1441 2254 2343 2406 2423 2489 2959 3155 3331 3500 4572 5465 5510 5950 6195 6369
143 715 2018 2499 2687 3753 3994 5878 6572 6615 7016
144 248 785 2269 2342 2487 2498 3331 3400 3749 4404 5037 5785 5870 6064 7874
145 256 3423 4347 4873 4939 5275 5276 5307 5325 5354 5403 7315
146 1997 3938 5162 5174 5878 6463 7601
147 740 812 1925 2944 3132 3923 4302 5174 5202 5325 5436 5630
148 81 752 1703 2214 2253 2835 5838 6485
149 1668 2214 2963 3151 3538 3872 4100 4105 4412 4555 4719 4897 5090 5093 5555 5606 6178 6394 7411
150 2449 3564 3583 3773 3867 4397 4403 4629 4873 4934 4935 4969 5095 5178 5337 5384 5533 5655 6514 6774 7070
151 90 432 475 732 2035 3811 5117 6907 7453
152 187 2602 2835 3913 3988 3989 4186 4457 5176 5808 6568 6964 6974 7313 7395 7599
153 81 475 905 3058 3628 5944 6693 7186
154 217 660 688 835 1657 1779 1846 3499 4852 5380 5966 6556 6594 6949 7015 7041 7398 7436 7599
155 93 118 616 1431 1526 2119 2487 2979 3052 3564 3935 3994 4423 4445 4873 4941 4992 5174 5231 5329 5343 5392 5465 5655 5789 5808 5878 6734 6877 6949 7015 7094 7240 7388 7446 7773 7799
156 1581 1652 1710 2149 2253 2602 2710 5163 5808 6651
157 81 1300 2407 3052 4640 5325 5398 5481 6108 7599
158 93 2071 2395 3058 3331 4036 4608 6919 7388 7599 7729
159 611 758 1690 1814 2117 2501 3512 3517 3681 4864 5627 5691 6139 7864
160 261 276 371 475 1854 1855 1857 3811 5014 5844 5864 7622 7673 7674 7675 7676 7678 7679
161 93 383 768 1470 2315 3564 4391 6433 6603 6734 6774 6818 6995 7070 7162 7510
162 1505 1652 2010 2097 3583 3989 4302 4467 4530 4735 5235 5275 5276 5537 5655 5657 5675 6369
163 692 2449 2673 4005 4521 5364 5439 5879 6347 6719 6742 6872 7582
164 146 1635 5737 6015 6502 6568 6799 7266 7436
165 430 715 1133 1134 1536 2296 3544 4359 5255 5402 5465 5512 5563 6131 6293 6518 6819 6964 7109
166 174 432 840 888 1690 1730 1962 2889 3564 6013 6624 7076
167 1878 2979 3035 4596 5074 6590
168 1657 2637 2838 4392 4397 4958 5402
169 2428 2979 3094 3948 4394 5608 5711 5772 7001 7223
170 93 561 654 769 1622 1929 2114 2149 2231 2406 3222 3808 3898 4864 5095 5231 6799 6995
171 769 1398 1410 1427 1658 1703 2134 2466 5362 5600 5628 5829 5878 6580 7177 7817
172 22 806 1019 1145 1629 5854
173 43 118 244 432 475 934 1420 1652 1666 2395 2481 2718 3564 5878 6918 7015 7264 7446
174 627 2407 3058 3680 5172 5510 5572 5808 6888 6922
175 660 1999 2097 2485 3008 3050 3072 3298 3959 4530 4603 5108 5676
176 773 4677 4864 5384 5495 5807 6139
177 815 934 2149 2236 2569 5176 5878 6134 6153
178 262 406 640 1763 1854 1855 3636 4457 4574 6301 6384 6706 7678 7679 7680 7681 7683
179 93 109 1870 1933 2002 2048 2286 3400 3458 3877 3892 3994 4937 5465 5510 5879
180 261 1189 1829 2253 2406 2421 3781 3948 4361 5552 7605 7831 7835 7863 7936 7960
181 124 1578 1597 2308 4778 5290 5878 6018 6491 7075 7294 7413
182 1347 2366 2933 3286 4624 4640 6105
183 51 248 475 1591 1594 2903 3242 3574 3692 3755 3781 4000 4036 4392 4423 4520 5117 5313 5325 5402 5512 5713 6485 6493 6779 7927 7941
184 81 475 1054 3222 3755 3972 5102 5117 5176 5253 5402 5403 5465 5573 5613 5654
185 230 1657 1879 1974 2047 2254 2445 2602 2978 3464 4394 4403 4934 5569 5780 6799
186 2338 2466 2521 3052 3564 4359 4394 5011 5102 5436 6670 7223
187 248 2312 2350 2421 3938 5709 6051 6601 7863
188 1496 2083 2449 3956 4939 5573 5909 6153 6823 6907 7141 7713
189 616 1657 2149 2402 3583 3888 4528 5404 6724 7195
190 1973 2979 4394 6799 7015 7425
191 475 3503 3919 4119 4224 4232 4233 4403 6117 6493 6886 7094 7453
192 34 867 1122 1547 1991 2286
193 399 1360 2227 2315 2333 2602 2831 2838 2979 3583 3755 4934 4941 5403 5512 5655 5665 6221 7620
194 2449 2565 2922 3231 5400 6442
195 1360 2231 2333 2617 3129 4397 5466 5602 5879 6434 6769 6786 7503 7863
196 475 2286 2838 4274 4457 7266 7425 7582
197 13 821 1539 1547 1936 1962 1967 2398 4091 4248 4616 4782 4912 5878 6013 7170
198 1985 2978 3058 3438 4391 4457 4522 5232 5255 5340 5495 6886
199 1360 1829 2236 2426 4281 4392 5510 6462 7070
200 196 199 201 550 896 1045 1296 1885 2237 2507 2543 4469 4666 5210 5284 5371 5883 6076 7370 7622
201 1321 1478 1784 6058 6347 6698
202 440 1609 2286 2529 2898 3564 4593 6190 6347 6893
203 102 2309 2818 3179 3819 4119 4347 4881 5362 5884 6038 6704 7035 7704 7705
204 314 315 316 2249 2402 2407 2449 3564 3888 3898 4633 5551 6799 6813 6816
205 1013 1142 1319 2149 2583 2815 4408 6619 7508
206 477 949 1646 2324 3315 3811 5896 6384 6836 7536 7812
207 1989 2134 3052 3744 4403 4503 5160 5306 5466 5879 6153 6759
208 118 730 1110 1980 2114 2180 2245 2838 3058 6734 6774 6919 6928 7015 7070 7831
209 1489 2449 3315 3665 4852 4897 5384
210 184 2149 3938 3949 6458 6760
211 74 140 1219 1587 4129 4161 4245 4254 5392 5761 6734 6876 6912 6975 7015 7070
212 1846 2836 3546 3556 3672 3698 3702 3760 3784 4022 4739 4757
213 1495 3888 3898 4281 5050 5232 5655 5658 5675 6970 7016 7655
214 2134 3814 3898 4139 4397 5072 5404 5563 6347
215 81 93 212 1360 1456 2441 2988 3047 3732 3755 3806 3811 5680 5945
216 3331 3780 3811 5176 5384 5465 5512 6367
217 90 1747 2149 3583 5354 5569 5655 5722 6362
218 161 2614 3465 3949 4939 5533
219 118 248 1146 2169 2368 2812 3009 5006 5387 5509 5808 5878 5958 6568 6733 6774 7379 7620
220 130 215 295 527 982 3045 3113 3115 3193 3784 7637
221 2253 2426 2441 2942 2979 3253 4371 5573 5711
222 93 115 158 660 1360 1563 1603 1656 1657 1721 1842 2114 2227 2449 2717 2921 2979 3052 3058 3080 3583 4037 4391 5364 5392 5465 5613 5619 6020 6580 7070 7264 7313 7371 7446 7599 7942
223 90 248 414 475 561 934 1099 1657 2245 2423 2942 3325 3545 3755 4935 5095 5510 5603 6380 6493 6780
224 328 1997 2002 2259 3574 3994 4687 4712 5402 5465 5878 6485 6774
225 2249 3781 3938 4392 5042 6774 7015
226 3155 3583 4301 4361 4394
227 769 1814 2042 2117 2402 2407 2426 2501 3814 4984 5510 5611 5993 6799
228 1652 1657 4140 4397 4641 5513 5630 6115 6886
229 93 627 1337 1683 3052 3331 3951 4633 4982 5232 5651 6308 7203
230 2651 3319 4863 5067 5465 5563
231 37 334 1441 2236 2253 2333 2449 2466 3732 4101 4166 4397 6799
232 613 627 1892 4392 5937 6445 6907
233 93 734 877 908 3084 3107 3476 3977 4592 4923 5453 6779 7313
234 715 2486 3153 3839 4309 5174 5909 6774 6843 7927
235 455 3506 3565 5510 5572
236 405 2438 4473 6661 7313 7620
237 414 640 732 1470 3948 4528 5322 5403 5465 7120 7559
238 348 1690 1721 2149 2360 2421 2501 2932 4677 6817
239 276 710 1076 2920 4249 4250 7377
240 81 3052 3891 4935 5102 5695 6485 6493 6990 7677
241 2433 3888 3989 5172 5878 6030 6610 6774 6775 6919 7103 7266
242 1441 1657 2236 3781 4394 4530 5319 5878 6485
243 1360 3052 3741 4030 4163 4916 5068 5085 5112 6686
244 59 399 1028 1657 2315 2501 4655 6799 7258 7296
245 230 1980 2466 3948 4140 5176 5322 5962
246 261 395 620 715 1614 2077 3155 3210 3399 3678 4359 6384 6494 6744 7536
247 93 4392 4443 5465 5481 5878 6670
248 186 252 1617 1846 2149 2213 2253 2407 2449 4037 4503 5095 5176 5434 5510 6774 7015
249 386 627 707 902 2366 2897 3090 3949 4105 4201 5465 5665 6050 6117 6485 6878 6907 7484 7599
250 785 1054 1652 1657 1754 1973 1974 2010 2047 2097 2120 2315 2342 2343 2424 2435 2483 2485 2602 2979 2992 3008 3072 3298 3545 3564 3583 3888 3898 3988 3989 4036 4037 4139 4140 4185 4281 4301 4302 4313 4361 4394 4403 4528 4529 4530 4543 4569 4626 4629 4735 4934 4935 4969 5049 5050 5095 5108 5235 5275 5276 5354 5404 5509 5533 5537 5552 5655 5658 5660 5670 5675 5676 6369
251 949 1998 2226 2429 2808 2877 3105 3367 4068 5758 5813 6767 6799
252 432 742 2310 3574 6047 7235
253 627 2366 3329 3814 3972 4081 5205 6493 6877 6907
254 548 766 1846 3524 3545 3564 3583 3938 3948 5559 6688 6964 7219 7279 7599 7936
255 1642 4189 4313 4629 5174 5257 5325 5402 5403 5465 6145 6146 6947
256 107 2723 3929 4274 5660
257 296 992 3534 4676 5854 6411 7177
258 212 660 1514 1657 2602 2917 3564 3701 3989 4397 5384 5655 5888 6485
259 475 498 981 1251 1484 1783 2979 3438
260 2149 2253 2381 3050 3072 5927
261 262 276 627 3574 5479 5915 6472
262 3210 3519 4941 5383 5434 5493 5659 5715
263 1652 2315 2979 3583 3989 4036 4704 5404 5909 6086 6194
264 627 2857 3052 3375 3755 4952 5174 6160 6631 6718 7651
265 475 556 813 1456 2133 2396 2614 4732 5102 5176 5512 6779 6949 7015
266 5018 5174 5231 5322 5392 5465 5563 5573 5702 6734 7266 7446
267 754 2449 3781 3898 4503 5354 5878
268 1403 2205 2822 3331 3925 4048 5465 5730
269 658 1714 2740 3153 3489 3948 4300 4359 6041 6720 7486 7864
270 2979 3439 3499 3564 5174 5354 5944 6774
271 879 1360 2466 2942 3499 3938 4103 4572 5172 5434 5513 5790 5807 6062
272 1109 1274 2286 2614 3091 3102 3439 3474 3583 4036 4837 5492 6485 6577 6819 6953 6988
273 1829 2602 3814 4281 4924 5362 5465 7428
274 88 91 93 158 173 627 1021 1652 2218 2536 2568 2917 3081 5465 5699 6050 7564
275 93 1846 4945 5014 6493 7122
276 432 722 1470 1657 3052 3120 4403 5090 5465 5657
277 1007 1444 1889 2994 5613 6347
278 214 414 475 813 1786 3052 3524 3681 4003 5182 6080 6734 6774 7153 7379
279 276 648 2236 3120 5381 5392 5400 5630 5855 5878
280 798 1409 1411 1430 1433 1459 4393
281 479 603 2449 2829 3814 3888 4103 5938 6153 6218
282 276 1252 1515 2967 4359 4457 4477 5197 6058 6442 7815
283 1248 2885 3020 3439 5386 5685 6330
284 2047 2315 2979 3058 3564 3583 3989 4036 4361 4403 4528 4543 4569 4629 4934 5108 5172 5404 5655
285 93 118 3222 3938 3942 5174 5176 5322 5325 6774
286 1806 2127 2441 2874 4701 5053 5166 5220 5334 6014
287 364 2047 2051 2449 2979 3052 3410 3997 4131
288 888 2441 3331 3360 5015 5362
289 45 475 2433 2489 3003 3510 3755 3814 3948 3949 4397 4403 4805 4864 4934 5381 5510 5553 5879 6990 7187
290 93 1489 1714 2357 3824 4233 5672 6359 7357
291 475 1352 1441 1589 1870 5569 7441
292 669 673 2905 6058 6539 6760 7696 7892
293 93 351 768 1661 1960 2723 2988 4831 6688
294 90 660 2038 3564 4633 5174 6919 7652 7912 7936
295 903 1588 2390 2449 2835 4181 4186 4341 4555 4958 5232 5448 5465 6912 7436
296 81 174 392 432 1657 3080 4829 5225 5495 5944
297 1480 1913 2518 3125 3372 3669 4842 4925 5129 5242 5645 7840
298 93 118 248 432 472 827 2059 2064 2110 2149 2253 2449 2994 3570 3687 4281 4397 4457 5808 5945 6006 6759 6774 6799 7153 7379 7436 7468 7551 7599 7604 7613 7874
299 414 627 648 742 2214 2253 2602 3056 3574 5384 5944 6799
300 61 1988 2009 2149 3331 3786 4394 5172 5176 5354 5403 5434 5510 6418 6578 6661 6774 6995 7146 7793
301 769 2104 2149 2315 2381 2979 3583 4036 4037 4139 4257 4302 4361 5095 5655 5657 5891
302 640 855 901 1215 2979 3583
303 477 1673 2739 2903 3142 4457 5865
304 118 158 825 1846 2366 3058 4301 4391 4394 4677 5050 5095 5174 5176 5303 5354 5362 5381 5403 5465 5533 5613 6008 7388 7548 7556 7582 7629 7650 7840
305 939 1721 2147 2189 2254 2333 2384 3239 3482 3814 4688 5381 6865
306 1987 1989 2277 4404 5494 6362 6363 7127
307 1652 1657 1754 1973 1974 2047 2120 2315 2343 2485 2602 2979 2992 2999 3072 3545 3564 3583 3888 3898 3989 4036 4037 4139 4140 4281 4292 4301 4302 4361 4394 4403 4499 4528 4529 4530 4543 4569 4629 4934 5017 5108 5235 5404 5509 5533 5537 5552 5655 5657 5658 5660
308 1127 2249 2408 2426 2602 3331 3657 3948 5384 5402 5465 5556 6153 6774 7936
309 2044 2397 2481 3426 3490 3785 3855 3894 4397 5876 5878 6001 7161
310 1652 2602 2967 3524 4391 7122 7348
311 81 1779 2577 4556 5959 6811
312 157 801 1980 2149 2449 2771 3988 4160 4194 5325 5434 5600 6613 6734 6774 7015 7338 7582
313 414 773 1657 2979 3583 4103 5108 5325 5399 5678 6580
314 346 464 807 2823 2958 3124 3162 3451 6130 7526
315 610 905 1080 2051 2114 2242 2406 2436 2449 2988 3069 3125 3226 3788 4103 4606 4909 5354 5798 5878 6153 6369 6698 6734 6928 6995
316 414 917 3574 4037 4392 4898 5014 5434 5465 5630 6121 6919
317 2114 2489 2647 3331 3344 3574 3994 4036 5203 5231 5466 5808
318 93 414 2097 2366 5307 5402 5465 5944 6774 7620
319 1441 2333 2407 2449 2466 3331 3583 3948 4103 5384 5533 6462
320 61 348 433 595 2727 4891 5329 5730 7122 7599
321 248 390 432 3104 3595 4021 4404 5551 5563 6210
322 3033 4301 4587 5049 5402 5512 6774
323 445 537 905 1734 2039 2596 3503 4541 5339 5618 5878
324 186 656 665 1097 1225 1481 1614 1639 2390 3103 4315 5169 5172 5798 5975
325 364 1642 1652 2114 2236 2436 2449 3564 4530 4543 4864 4935 5569 5611 5655 5911
326 248 944 1420 2869 3474 4397 5559 5841 5878 6709 6764 6791 6819 7371
327 1293 1560 2739 2759 4397 4404 4503 4954 5232 5556 5700 6631 6799
328 0 1249 1290 3102 3114 3295 4676 4958
329 230 616 1035 3075 4503 4633 5855 5856 6663
330 174 1557 2501 2839 4105 4397 4584 4606 4633 5117 5176 5878 7835
331 1657 1974 2149 3583 3949 4036 4530 4934 4965 5120 5309 5381
332 124 2743 4350 5011 5039 5808 5816 5878 6463 6733
333 2396 3052 3128 4403 5039 5095 6519 7015
334 1086 2066 2458 2988 3035 3658 4394 4870 5920 6651
335 81 732 3574 3949 4392 5402 7266
336 61 3222 3526 5322 5325 6774 6877
337 432 656 1441 1919 2509 2979 4548 5927
338 155 742 754 792 1554 2016 2110 3564 3583 3988 4031 4160 4403 5655 5657 6640 6894 7846
339 1629 1814 2486 2817 3052 3972 4939 4971 5673 6737 6739 6919 7090 7306 7425 7436
340 4884 5014 5039 5061 5277
341 173 475 742 4934 5174 5220 5975 6246 6493 6580 6734
342 4394 5039 5061 5322 5392 7340 7770
343 3574 3583 3705 3827 4036 5117 6153 6776 7948
344 81 118 732 4392 5325 5392 5465 6734 6912 7015 7070 7388 7506 7612 7620 7677 7854
345 1360 2236 2403 2979 4037
346 627 1578 1655 1659 2231 2253 3583 4457 4935 5208 5257 5428 5602 6371 6445 6735 7625
347 534 627 1268 1609 1829 2114 2903 3006 4392 4394 4403 5168 5600 5878 6541 6663 6948 7468
348 732 2010 2134 2254 2441 2481 2489 2979 3989 5384 5512 6462 6737 6878 7238 7453 7484
349 135 692 1718 2117 2688 3524
350 268 3392 3882 4140 4394 4626 4935 4984 5095 5139 5533
351 704 1572 1657 2158 2341 2592 3109 3781 3844 5613 6675
352 403 1846 3058 5556 5625 5649 7311 7941
353 81 159 364 414 1587 2036 2343 3052 4403 4631 5174 5392 5657 6734 6774 7799
354 222 840 3413 4283 4544 4866 5105 6568
355 1429 1652 1657 1663 1814 1973 1992 2120 2315 2343 2387 2438 2979 3008 3564 3583 3898 3989 4036 4037 4139 4281 4301 4302 4361 4403 4466 4499 4518 4528 4529 4530 4569 4626 4894 4935 4969 5050 5095 5108 5229 5276 5354 5533 5655 5658 5675 5878 7917
356 93 261 773 843 1470 1721 1851 2333 2671 3574 5940 6493 6580 6759 7942
357 414 3583 5392 5434 5730 6919 7015 7437
358 616 758 1721 2149 2236 2333 2422 2979 5082 5174 5277 6572
359 101 579 2248 2831 6347
360 124 1657 2097 2979 5174 5392 6919 7070 7246
361 414 689 1456 1478 1842 1846 3058 3755 4472 4956 5102 5133 5174 5322 5325 5403 5465 5512 5537 5563 5573 5630 5695 6518 6675 6774 6815 6919 6964 7071 7388 7453 7486 7854
362 3989 4205 4735 5049 5243 5348 5381 5613 5663 6066
363 66 1657 1818 2149 2388 2466 2507 2602 4302 4503 4530 5176 5325 5404 6774 7799
364 123 754 1310 1481 2114 2119 2231 2426 3948 6462 7297
365 125 309 317 1009 3130 4716 4889 7622 7842
366 2438 5174 5434 5465 5613 6568 6734 6774 7264 7899
367 2652 4126 5444 5572 5760 6372
368 261 1857 2269 2475 3738 6823 7674 7675 7679 7681 7683 7684 7685
369 197 768 1652 2718 2988 3583 3978 5408
370 475 914 1829 2426 2988 3906 4081 4564 4906 5488 6493 6720 6949
371 553 1657 1829 2236 2253 2942 3331 4397 4530 5039 5465
372 52 118 261 428 739 2402 3035 3799 3904 4036 6671 6688 7326
373 3091 3114 3116 3680 3938 4397 4935 5232 5443 5465 5619 5797
374 1167 1301 1959 4664 6788 6819 7046 7532 7575
375 334 768 892 5151 5354 6866 7727
376 1698 2885 3498 3909 4446
377 261 348 742 1761 2236 2334 2521 3279 3331 3489 3601 3777 4375 4467 4584 4677 5045 5436 5496 6211 6398 6568 7484
378 134 773 792 800 1829 1967 2199 2254 2466 2944 3125 4103 5400 6153
379 81 93 414 432 627 991 1470 1629 2227 2396 3058 6367 6493 6626 6693 6815 6877 6908 6949 7398 7773
380 440 2149 2524 6059 6062 6097 6161
381 742 1221 3331 4793 6049 7048 7475 7778
382 2254 2398 2521 3331 4683 5053 5730 6949
383 4182 4728 4771 4991 5004 5006 6267
384 1652 1973 2438 3583 4403 4894 4934 5269 5404 5533 5655 5658 6369
385 81 553 766 1333 1441 2433 2441 2602 2872 3203 3765 4252 4400 4438 4446 4626 5174 5844 5909 6206 6489 6844 7612 7922
386 93 1248 1360 2739 2903 2991 3597 3741 4675 5392 5711 5797 6818 6877 7116 7379 7453
387 248 1428 2602 3898 3983 4375 5233 5516 6919 7014
388 432 1545 1846 1999 2110 3192 3994 4371 4683 5117 5176 5325 5619 5808 6580 7098 7181 7927
389 2598 2874 3002 4042 4117 4146 4180 4224 4231 4232 4245 4358 5136 5428 5738 5740 5742 5744 5751 5758 5763 5764 6057 6376 6394 6453
390 140 4392 4864 4934 5117 5322 5371 5402 5403 5434 5512 5660 5675 5702 5711 5789
391 1023 2149 2282 2466 3684 5878 6071 6123 6428 7698
392 306 2398 3526 3784 4119 4403
393 475 1563 1587 1980 2134 2290 3087 3463 3867 4283 4350 6493 6735 6813 7436
394 262 3972 4081 4332 4359 5878 6226
395 2315 2343 2426 2445 2979 3564
396 61 1303 1391 1470 2792 3564 6949 7309
397 476 742 754 2110 2168 3977 4215 4361 4394 4578 5071 5465 5535 5537 5657 6170 7641
398 536 2236 2528 2937 6720 7354
399 960 1149 1749 2333 2602 2884 2979 3331 3583 5381 5510 5554 5619 6663
400 773 2158 2254 2436 2466 5232 5325 5465 5466 6308 6737 6919
401 2227 2366 2610 2838 3052 3564 4224 4300 4941 5355 5434 5539 5630 5789 6774 7199
402 432 475 3035 3474 4401 5400 5535 5573 5878 6580
403 654 1121 1629 2148 2244 2493 4391 7278 7313
404 109 448 782 1445 1993 2168 3548 5733 6114 6715
405 742 1672 1716 1858 1861 1877 3251 5174 5197
406 885 2190 2761 3259 3587 3994 5451 6947 7881
407 2903 2983 3052 3155 4560 5878 6774 7024
408 2059 2302 2449 2501 2944 3331 4657 4733 5330 5798 5805 5855 6636 6655
409 174 217 477 742 1125 1971 2037 2414 4397 4403 4586 6799 7106 7139
410 2114 2249 2257 2333 3035 3169 3524 3948 5791 5864 6734 6799 7532 7835
411 553 660 769 991 1087 1657 2245 2602 3035 3583 3948 3983 4889 5095 5117 5176 5402 5403 5434 5730 6398 6693
412 93 409 475 2398 2835 3052 4457 5325 5573
413 2748 2840 2950 3021 3241 4996 7856
414 2500 3331 3524 4073 4397 4503 5371
415 1629 1757 2441 2449 3781 4503 4864 5465 5826 6317 6890
416 742 1441 1493 1829 3279 4503 5170 5572 6688
417 158 230 1209 2342 2708 2867 4659 5354 5808 5878 6183 6577 6985 7816
418 785 2042 2108 3564 3888 3989 3992 4037 4302 4403 4934 5050 5095 5533 5537 5655 5660 5785 5870 6047 6064 6311
419 65 1343 1988 2149 2249 2577 2979 4064 4342 4403 4780 5316 5400 5569 5878 5909 6367 6425
420 248 553 2236 2249 2903 3814 4572 5014 5319 5384 6462
421 18 660 1064 2838 3331
422 140 2660 3045 3681 4872
423 1552 1613 1642 1807 1934 3806 7323 7546
424 2511 4397 4446 4543 5182 5275 5354 5536 6364 7419
425 81 1629 1810 2055 2979 4925 6463
426 29 93 118 414 1513 2134 2217 2521 2641 2710 2835 3052 3280 3388 3570 3822 4404 4599 6100 7223 7249
427 742 773 1190 2521 3524 4095 4626 5675
428 51 248 754 1087 1721 2602 4140 4677 5174 5434 5465 5553 5655 6088 6774 7441
429 8 792 845 1143 2445 3697 4140 4186 4809
430 517 1829 1846 2407 2408 2489 3125 3155 3564 5313 5878 6943
431 769 2333 2903 3331 3524 4361 4633 4677 5014 5232 5381 5551 5844 7927 7947
432 176 1988 2089 2227 3755 4608 5157
433 2315 3583 4594 6431 7486 7694
434 61 118 488 839 1360 1652 1657 1714 1980 2236 2245 2249 2310 2636 2826 2903 3052 3811 4103 4503 5319 5384 5719 6347 6877 6886 7223 7379 7436
435 991 2414 2708 2921 3127 3438 3521 5362
436 1360 1908 2028 3574 4359 5102 5117 5465 5886 7627
437 81 90 627 1814 2254 2333 2402 2441 2602 3948 4633 4934 6670 6737 7863
438 443 835 1019 2114 2405 2500 2943 2988 3331 3564 3686 4013 4392 4397 4457 5149 5319 5537 5556 6687 6736 6759 6774 6966 7015 7240 7251
439 459 469 661 1657 1973 1974 2097 2435 4403 4528 4934 5039 5050 5108
440 766 1594 1801 3830 4436 5878 6357 6774
441 19 118 732 1424 2149 2315 2979 3687 4394 4629 5174 5322 5404 5533 7799 7941
442 32 1761 2915 3171 3543 3684 3994 4664 5878 7448 7599
443 675 1840 2208 2973 3438 5602
444 732 1587 2134 2979 3058 3949
445 93 1456 1563 2356 3222 3476 3574 4392 5102 5176 5340 5573 6485 6580 6675 6693 7264 7334 7453
446 785 907 1080 1639 1973 2047 2120 2315 4037 4313 4530 4626 5235 5276 5655 5870 6064 6369 6786 7105
447 93 230 260 283 4103 4403 5011 5176 5864 5909 6153 6734 7005 7070 7425 7540 7863 7917
448 356 969 982 983 1543 1642 2237 2979 3045 4064 6493 6693 6949 7015 7379
449 261 361 1121 2134 2245 2728 2734 2736 2897 4397 5251 6493 6799
450 801 1299 2979 3707 4094 4394 4403 6085
451 949 1609 1657 2955 4000 4371 4944 6625 6799
452 230 475 965 2350 2355 3052 4397 4691 5878 6418 6445 6580
453 1030 1363 1657 2602 2950 4394 4530 5325 5573 5808 6149 6637 6698
454 1434 3089 3903 3960 4038 4119
455 214 261 769 1703 1721 1999 2060 2089 2157 2193 2419 2438 2442 2490 2504 3132 3425
456 2333 2402 2436 3331 4572 5384 6799
457 1232 1302 2242 2356 5329 5878 6593 6986 7085
458 901 2617 3068 3124 3589 3938 4301 5400 7735
459 118 2315 2602 2979 3058 3564 4095 4457 5726 5730 5808
460 628 1162 2521 3402 3938 4392 4403 4569 5465 5808 6729
461 1848 3052 5772 5773 5775 5878 6734 6819 6989 7379
462 991 1470 1846 2375 2602 2848 3103 3583 3949 5174 5402 5434 5436 5465 5512 5665 5940
463 163 421 1149 2134 2433 2602 4404 5402 5512 5547 5573 5657 5878 6383 6436 6735 6774 7388 7584
464 5039 5098 5176 5188 5229 5322 5325 5370 5403 5434 5438 5465 5545 5563 5613
465 732 1087 1389 1622 1745 1870 1922 2441 3052 3388 3438 4626 4935 4969 5153 5325 5392 5403 5465 5510 5573 6369 6735 6737 7122 7313 7446 7937
466 93 1652 1846 3888 4657 5863 5864 6769
467 773 2149 2290 2507 3249 3795 4902 7092 7534
468 1249 1642 2930 2998 3075 3228 3956 5685 6876
469 321 754 1183 1332 2253 2723 3066 3564 5878 5881 6659
470 1058 1496 2254 2978 3331 4572 5466 5470 5964 6737 7709
471 732 1605 2042 2592 2979 3045 3949 4491 5061 5095 5635 5636 5878 6282
472 1721 3755 4616 5049 5611 5695 6883 6963
473 414 475 1666 2021 2570 2802 3052 4301 4361 4394 4403 4530 5039 5061 5174
474 389 2231 2236 2253 2418 2445 2449 2618 3035 3155 5319 6153 6281
475 248 2951 5465 6148 6886 7114 7219 7758
476 1642 2739 3045 3087 3814 3961 4301 4626 4702 4969 5619 5894 6418
477 81 93 3574 4569 5014 5039 5040 5061 5276 5354 5402 5434 5465 5552 5613 5695 6905 7425
478 2979 3331 4036 5231 5232 5403
479 2253 2322 2531 2836 5012 5118 5232 5452
480 140 1388 2887 3439 3927 3938 5039 5310 5325 5381 5626 6381
481 432 3938 3945 5039 5117 6774 7015 7092
482 93 118 230 627 895 1846 2429 2826 3052 3058 3499 3574 4081 5572 5808 6442 6974 7223 7313 7941
483 757 1205 1289 2156 2330 2634 2635 3079 3938 7402
484 198 801 1081 1833 2439 3421 4547 5288 5325 6737
485 6 2502 2612 3149 3331 5203 6153 7502 7638
486 758 2357 2366 3499 3757 3949 4503 5205 7550 7936
487 951 4015 4491 5232 5791 6140 6734 6759 6774 6843
488 1829 3331 3564 3592 3781 4935 5174 5465 5573 6774 7358
489 81 3052 4309 5322 5403 5434 5556 5572 5613
490 419 1113 3052 3874 3938 5039 7092 7436
491 1588 2119 3574 5864 6117 7122 7758
492 35 660 773 1447 1587 1657 1721 2149 2408 2433 2602 3331 4371
493 457 469 664 716 785 962 1657 2047 2097 2602 2979 3564 3988 3989 4313 4394 4468 4528 4569 4626 4629 4934 4935 5049 5050 5095 5108 5404 5533 5537 5552 5655 5660 5675 5676 6369 6633
494 93 432 627 1657 1721 1754 1810 2010 2574 2648 2979 3052 3755 3972 3988 4803 4952 5014 5040 5392 5613 5657 5660 5970 6493 6675 6886
495 420 614 1035 2739 3024 6171 6380 6886 6922 7622
496 2790 2921 4216 4457 4616 4643 4782 5214 5437 5886 7185
497 928 1882 2739 3767 4518 4546 4550 4779 4824 5332 6323
498 240 244 773 1694 1814 1829 2407 2408 2429 2681 2703 2950 2956 3058 3089 3102 3204 5232 5611 5613 5619 5787 5878 6768 7023
499 93 204 205 1657 2979 3052 4394 4543 5537 6493 6734 6774 7156 7266
500 157 511 754 2010 2149 2254 2436 2602 3781 3898 3989 4139 4302 4361 4394 4397 4530 4670 4673 4688 4960 5014 5098 5108 5235 5277 5402 5510 5533 5545 5552 5897 7078 7621 7765
501 143 616 2236 3994 4937 5402 5702 5878 6161 6774 6847
502 2114 3113 3331 4683 6153 6734 7863
503 835 1343 2617 2979 3052 3144 3331 4103 4637 5108 5384 5563 5878 5909 5952
504 1441 4950 5348 6274 6442
505 2875 2903 3814 4626 5034
506 727 1087 2075 2378 2760 3601 4491 4595 5307
507 118 230 414 419 2132 2498 3236 4359 4457 4595 5174 5402 5403 5434 5618
508 414 2407 2988 5776 5855 6531 6553 6819 7452
509 93 248 276 482 2088 2286 2449 3035 3045 3075 3127 3354 5232 5403 5534 5537
510 1642 3005 3016 3155 3185 3524 3681 3938 4162 4864 5169 5878
511 1028 2120 2131 2333 2445 2719 2794 3058 4139 4397 4404 5551 5611 6799 7758
512 3537 3949 3983 4935 5174 5371 5392 7863
513 660 785 838 1652 1657 2120 2343 2483 3564 3583 3989 4036 4302 4361 4518 4934 5785
514 81 261 475 1320 2792 5944
515 1657 3781 4103 4503 5403
516 636 1825 2001 2575 2893 2958 3973 4206
517 432 2903 3564 3949 4140 4392 4403 5878
518 49 1017 1117 1751 3127 3153 3331 3747 4810 5380 6008
519 614 940 1097 3001 3583 4037 4721 4841 4889 4938
520 44 563 742 766 2134 2400 2452 3058 3243 3331 4391 4457 4691 5426 6774
521 1302 2617 2623 4184 4507 6799 6806 7326
522 833 3231 4941 4945 5351 5991
523 61 109 2059 3091 4677
524 627 673 1642 2278 3514 4371 5289 5639 5660 5878 6918 7112
525 321 1067 1818 2407 2410 3814 3948 5878 6732
526 174 319 1408 2244 2286 2790 5362
527 881 1666 1898 1989 2857 4000 4574 6139 7165 7249 7666
528 261 742 769 3749 5789 7264
529 1721 2149 2433 5384 5937
530 660 1652 1657 1754 1973 1974 2010 2047 2097 2120 2315 2387 2419 2992 3583 3988 3989 4037 4361 4394 4466 4569 4629 4735 4969 5049 5095 5657 5658 5675 5797 6369 7917
531 90 248 1456 2114 2119 2245 2343 2501 2708 3988 4397 4543 4677 5174 5551 5730 6751 7425 7486 7854
532 414 3983 4309 4775 5176 5510 5679 5940 6310 6485 6774
533 181 3331 4278 4403 5426 6774 6998
534 792 1761 1879 2114 3994 4864 5014 5434
535 1990 3331 3426 3601 4394 4397 4543 5611 5655 5706 6159 6237 6369 7227
536 1824 2257 2441 2445 3052 3781 3814 4503 5371 5381 5400 5465 5510 5611 5844 6153 6919 6955
537 1736 1814 2602 3052 3934 4392 5277 5434 5573 5613 5654 5808 6907 7927
538 4 1200 1643 2057 3035 3385 5864 7219 7405
539 156 1007 1010 1013 1412 1434 2918 3089 4068 4936 5812 7346
540 475 2623 2979 4651 4939 5381 5878
541 143 275 961 1821 3052 4087 6035 6789
542 288 291 299 300 301 432 773 1048 1655 1952 2164 2570 2573 2745 3058 3574 3639 3949 3972 6301 6734 6779 7015 7070 7599 7673 7678 7679 7680 7689
543 90 248 1537 1547 2189 2750 3013 4095 4105 5371 6315 7141 7510 7780
544 1411 1430 1483 2600 2790 2874 3732 4134 4180 4399 6347 7264 7411 7468 7811
545 901 4160 4199 4858 5735 6221 6598
546 414 773 902 1247 2501 3331 3364 3592 4394 4864 5517 5537 5546 5808 5856 6493 6580 6888 7343 7595 7942
547 602 2290 4152 4394 4491 4952 5628 6919
548 282 627 1657 1666 1846 2551 3052 3714 4392 5071 5162 6036 6428 6734 6886 7015 7599
549 2117 2441 3331 4140 4281 5573 6153 6774 7122 7313 7760
550 2134 4081 5011 5042 5059 5392 6734 6774
551 81 929 2057 2903 3331 3898 4394 4403 4941 5338
552 4569 5117 5176 5329 5878 6774
553 971 1544 2033 3146 3173 3574 4234 4397 4635 4873 5117 5174 5317 5798 6834 7371
554 248 1657 1846 1974 2149 2158 3583 4301 4391 5050 5095 5403 5944 6493 6756 6799 7240 7446
555 2227 2909 3058 4539 4885 5174 5322 5465 6367 7446 7773 7846
556 660 969 1206 1337 1657 2012 2132 2315 2602 4359 6756
557 2979 3386 3438 3564 4394 5891 7264
558 768 773 1286 1951 4939 4944 5322 5678 5844 6347 6493 6614
559 90 334 807 853 863 905 2880 2916 3039 3090 3374 3529 3948 6008
560 2236 2756 2910 3529 4301 4392 5419 6472 6734 6824
561 174 2257 2440 2677 3129 3564 3665 3938 3948 5061 5319 5611 7861
562 2988 3214 4308 4394 5878 6210 7379 7761
563 877 878 2254 2824 4491
564 432 475 1429 2078 2317 4066
565 1657 2131 2247 2604 2686 3583 3938 4442 5555 6290 6877 7599
566 1456 3583 4302 4969 5039 5042 5061 5108 5174 5384 5392 5465 5533 5655 6232 6774 7582
567 81 3056 4157 5117 5176 5325 5364 5436 5465 5509 5572
568 118 1642 2097 3052 3830 4864 5466 5573 5864
569 432 559 660 716 1657 1973 2343 2979 3058 3111 3282 3564 3583 3898 3988 4036 4037 4138 4139 4140 4197 4301 4313 4361 4367 4394 4403 4457 4466 4470 4528 4529 4530 4543 4624 4626 4629 4735 4934 4935 4969 5021 5049 5050 5092 5095 5232 5248 5256 5269 5276 5307 5404 5466 5533 5537 5595 5655 5657 5668 5676 5690 6369 6532 7388 7582
570 1657 1973 2010 2097 2120 2315 2343 2424 2435 2602 3545 3583 3888 3988 3989 4036 4140 4281 4301 4302 4403 4528 4530 4569 4624 4626 4629 4735 5039 5049 5050 5095 5276 5404 5533 5537 5552 5655 5657 5676
571 2149 3564 4397 5110 5878 6876
572 277 1100 1555 3710 6119 7354
573 73 102 661 773 2979 3583 5039 5322 5533 5655 5658 6756 7462
574 61 93 1667 2481 2511 2956 3517 3574 5307 5338
575 884 1360 2083 2404 2426 2943 2969 4000 4081 5465 5730 6675
576 81 124 458 627 747 908 1389 2397 3308 4403 4864 5162 5718 6367 6734 6895 7070
577 93 212 414 427 801 1223 1603 1960 2335 2377 2429 2449 2650 2652 2829 2988 3211 3301 3360 3482 3574 3576 3833 3994 4103 4424 4472 4833 4854 4889 5120 5392 5538 5596 5876 5878 6384 6438 6466
578 158 627 1190 1657 2253 2423 2449 3127 3583 4211 4870 4935 5184 5354 5362 5533 5553 6683 7071
579 2533 2571 4147 5035 5658
580 158 1437 1814 5233 5325 5434 5465 6518
581 533 680 1934 2647 3121 3124 3127 3565 3785 4579 5036 5668
582 93 902 2408 3949 4392 4626 5014 5465 6518 7425 7446 7677
583 2426 2466 3545 3814 4103 4635 5402 5434 5436 5537 5864 6153 6774
584 61 399 555 905 2744 2905 4397 4403 4717 4854 5010 5259 5533 5572 5878 7047 7582
585 847 880 1456 4298 5174 5434 5465 6393
586 592 754 1044 1557 1688 1751 1761 2640 3075 3317 3438 4624 5871
587 884 1029 1700 2114 2872 4617 4747 4988 5715 5932
588 586 2546 3150 3169 3383 5855 6277 6389 6545
589 665 2903 5226 5325 6995
590 2849 3293 3294 3814 3823 4864
591 90 248 345 520 840 860 1886 2333 2466 2577 2978 3119 4397 4886 5878 6026 6774 7015 7070 7104 7453
592 118 186 1109 1284 1587 1657 1974 2000 2350 2429 3192 3583 4157 4186 4301 4302 4396 4569 4934 5537
593 276 2728 2740 3021 4397 5362
594 193 432 1089 1496 1652 1703 1973 2149 2315 3938 3989 5844 7927
595 2044 2721 3357 3779 4511 4585 4633 4672 5028
596 230 414 1934 2481 3331 3574 5362 5434 5436
597 248 2064 2149 2231 2449 2501 3439 3809 4403 4543 4572 5061 5108 5117 5174 5392 5465 5864 6276 6347 6466 6774
598 124 422 447 691 1064 1426 1652 1657 1741 4381 5943 7458 7814
599 1761 3692 4033 4803 5276
600 966 1617 1988 2149 2202 2706 3075 5174 5404 5878
601 648 1469 1497 1639 2286 2336 4081 4457 5844
602 93 176 1036 1429 1488 1495 1751 1829 2236 2254 2466 3331 4233 4824 5465
603 1333 2979 3198 4234 4394 4416 4592 4928 5661
604 1002 3680 4224 6057 7324 7576
605 660 1973 2602 3959 4140 4649 5147 5533 5657 5661 5808 6964 7070
606 1521 3175 3888 4451 5102
607 81 93 124 773 1441 1657 2149 2602 2979 3243 6811 7015
608 906 1172 4174 4176 4236 5118 6810 7111 7210 7463 7504 7509 7749
609 766 1629 2178 2978 2979 3564 3989 4530 5102 5466
610 481 1201 1360 1624 5537 5688 5707 6030 6839 7387 7543 7694
611 2988 3574 5102 5174 5253 5434 5465 5613 6084 7622
612 1295 1480 1714 4318 5174 5325 5403 5434 5465 5512 5563 7475 7942
613 93 209 1052 1423 1757 4032 4278 4315 4543 4935 5095 5434 5808 5879 6494 6945 7528
614 414 1657 2513 2997 3035 3231 4741 4995 5043 7453 7622 7729
615 157 821 2337 4503 5736 5909
616 1703 2097 2104 2120 2149 2193 2236 2254 2381 2419 2424 2435 2442 2509 2979 3132 3564 3583 3989 4036 4109 4139 4302 4403 4530 4569 4629 4901 4934 5050 5108 5404 5533 5552 5587 5655 5670 5927 6066 7335
617 1360 2038 2043 2088 2097 2161 2381 2387 2438 2442 2979 3311 4457 5404 5614 5655 5657 5663 6786
618 81 177 3052 5117 5322 5325 5402 5512 5563 5573 5675 5713 6518 6779
619 64 2110 2449 3499 3583 4015 4457 4633 5176 5199
620 84 373 1919 1940 2536 4858 4912 5655
621 664 742 2315 2422 3052 3564 5510 5640 6717 7094 7161
622 1465 1967 2507 4115 5466
623 1087 3058 3157 3221 4457 5399 5409
624 2666 3749 4231 5762 6320 6344
625 348 475 1083 2602 3599 4503
626 65 2550 2956 3564 4543 5878
627 2480 3556 3697 4119 4411 4754 4764 4822 4890 4891 4996 4998 5505
628 371 1854 1857 2366 3259 3532 5390 6301 7676 7678 7680 7877
629 158 835 894 994 1063 3374 3414 3860 5197 5413 5628 5879
630 2454 3453 3564 3949 4469
631 2812 2978 3079 3161 4391 4457 4585 5645 5692 5878 6071
632 1846 2950 3058 3583 5257 5434 6580 6774 7313 7425 7599
633 34 2759 3949 4870 4985 5174 6989 7863
634 2979 3066 3090 3148 3564 4271 4397 4403 4626 4915 5174 5864 6580 6734 6737 6779 7313
635 1652 1973 2333 2472 3814 4193 4496 5061
636 627 754 994 1829 2149 2903 3755 4082 4397
637 94 627 754 2406 2728 3423 3778 4081 4229 4457 4626 6580 7139
638 3714 4793 5603 5717 6139 6143
639 1149 1967 3091 3844 5290 6819 6936 7711
640 1657 1973 1974 2120 3545 3564 3583 3888 3898 3988 3989 4036 4037 4139 4140 4281 4301 4361 4394 4543 4626 4629 4935 4969 5049 5050 5095 5108 5660 5864 5973 6369
641 245 616 754 2236 2681 3052 5014 5039 5061 5176 5434 5613 5878
642 2265 2775 2892 2949 3009 3744 3881 4623 4774 4775 5215 5490 7286
643 1721 2253 2341 2426 2436 2449 4081 5381 5606 6799
644 680 901 1086 3127 3279 4194 4224 4232 4358 5569 6815 6953 7425 7442
645 1973 1974 2047 2120 2343 2602 2979 3583 3898 3988 3989 4036 4037 4140 4301 4313 4361 4403 4529 4530 4543 4569 4626 4629 4935 4969 5049 5050 5095 5276 5537 5655 5660 6369
646 881 1713 1822 2921 2957 3127 3210 5170 5197 6109
647 118 2011 3127 3994 3997 4448 4896 5721 5922 6210 6688
648 432 2133 3199 5287 5551
649 1530 1962 3796 4099 4397 4703 6344 7189
650 1911 2445 2466 3331 4371 5442 5569
651 773 1587 2219 2466 3052 5117 5403 5465 5556 5561 5595 5657 6493 6799
652 627 957 1846 1919 2481 5797 6296 6734 6774 7255
653 766 1721 2407 2426 2466 2903 4407 4677 4864 5283 5603 5844 6153 6995 7709
654 4392 5325 5337 5465 5598 6580 7599
655 158 694 1587 2311 3058 3949 4295 4457 4920 5117 5176 5745 6485 6580 7313
656 3700 4755 4996 5000 5004
657 742 792 1441 2254 2466 3155 3324 3564 3938 3972 4081 4103 5283 5510 6493
658 792 2081 2253 3058 3142 5174 5878
659 2949 3994 5140 5465 5676 6580 6964 7015 7379 7510
660 93 1587 3052 3222 4457 5102 5325 5465 5609 5708 7313 7338 7453 7677
661 913 1779 2065 2315 2408 2951 3564 3874 4888 5572 7113 7301
662 754 1036 3597 4825 6844 7159
663 1703 3938 4157 4371 5510 6129 6964
664 908 1183 1336 2410 2489 2734 3543 3665 4922 5383 5492 5864
665 2903 3499 4252 4558 4736 5510 5808 6153 6530 6799 7234 7266 7410
666 706 1494 2602 3014 4703 5129
667 93 1098 1547 2149 2171 2257 2451 3948
668 1652 2010 2097 2114 2602 2982 3564 3988 4301 5049 5095 5551
669 81 118 1470 1563 2466 2602 2979 3331 4103 4140 4359 4371 4457 5166 5255 5322 5603 5844 7425 7927
670 1814 2036 2082 2245 2402 3564 3948 4103 5381 5838 5938 7662 7709 7710 7780
671 742 2114 2319 2441 2449 5844 5865
672 356 475 1300 1471 1659 3052 3949 4333 4587 4952 5174 5465 5512 6342 6493 6518 6734 6877 7223 7264
673 1582 2334 2949 3472 4629 4873 5322 5798 7062
674 61 1036 1721 4864 5340 5510 5563 5613 5844
675 47 1851 2774 2790 2950 3372 4022 4782 5452 5563 5681 5879 7672
676 1814 3188 3949 4081 4359 4457 4677 5174 5399 5878 6871 7302 7927 7936
677 1622 3058 3983 3988 4315 5466 5500 5534 5595 5808 5878 6117 6734 6774 7015 7395
678 174 3331 3948 5074 5174 5963 6398
679 93 2396 3062 3574 3948 5176 5465 5510
680 140 2501 2988 3035 3592 4041 4097 5328 5354 5392 5402 5630 6418 6575 6734 7015 7917
681 1058 2122 2739 3331 4529 5174 5222 5232 5403 5465 5787 6347 6734 7015 7379 7421 7478
682 24 661 1652 1657 4935 4969 5244 5275 5465 5466 5533 5550 5563 5676 6162
683 656 767 768 1860 2100 3938 4116 4172 4445 4531 4708 4975 6554 6671 7427 7463
684 93 2253 4572 5437 6314 6580
685 2251 2734 3564 3574 4015 4944 5307 5768 6298 7425
686 1415 1617 2236 2333 2903 2979 5878 6231 6333 6877 7028
687 1698 2231 3782 6383 6518 6734 6774 7015 7070
688 2315 2602 3331 3811 4309 5402 5465 5533
689 91 195 754 3120 3574 4241 4934 5139 6409
690 616 773 2249 3524 3598 3938 4103 4371 4394 5014 5174 5176 5319 5660 5676 5878 7392
691 124 623 2449 2878 2982 3177 4958 5149 5601 6568
692 754 1657 1814 2097 2149 2236 2333 2979 3524 3948 4864 5371 6458 6774 7599 7899
693 2915 2994 4392 5465 5654 6580
694 432 475 627 732 2366 3052 4095 4403 4555 5402 5434 5465 5512 5609 6493 6675 6878
695 2315 2343 3069 3226 3545 3564 3888 3898 4140 4301 4302 4313 4361 4403 4528 4530 4543 4629 4935 4969 5014 5039 5108 5533 5655
696 1587 2769 2944 6279 7256 7570
697 677 684 1605 1829 4194 4371
698 93 2905 3583 3755 4302 4403 4543 4969 5108 5392 5675 6774 6989
699 729 1366 1456 1470 6484 6485 6878 7171 7379 7432 7453
700 140 3222 3574 4939 4944 5011 5102 5340 5563 6301 6734 6774 7015 7070 7705 7854 7917
701 991 4403 5014 5108 5174 5465 5808 6247 6347 6609 7157 7379
702 1652 1657 1973 1974 2010 2097 2120 2602 2979 3564 3583 3988 4037 4281 4301 4529 4629 4934 4935 5049 5050 5095 5404 5537 5944 6369
703 475 2227 2835 3086 3574 3583 3732 4081 4503 4934 4944 5563 5655 5713 6626 6675 6734 6774 6878 7425 7510 7906
704 81 548 732 1657 2430 3583 6675 7425
705 140 230 248 865 2096 2296 2466 3648 3665 4941 5174 5608 5864 6840
706 118 158 2333 2466 4394 4403 4530 4649 5042 5406 5512 5676 5844 5935
707 93 743 1657 2469 2958 3331 3375 3436 3604 4640 5028 5606 6315
708 2089 2104 2157 2381 2416 2442 3132 4229 5021 5095 5384 5591 5655 5927 7765
709 230 1291 1846 1967 2421 2921 2950 3058 3570 4671 4820 4938 5176 5532 5572 5844
710 742 1793 1801 2253 2463 3788 5537
711 742 894 1122 2134 5397 5569 6844
712 2149 2408 2489 2524 5162 5381 5556 6059 6629
713 129 230 1077 3035 3877 4140 4457 5534 6964
714 107 1249 1721 1941 2134 2202 2706 2922 3989 4036 4927 5011 5155 5202 5537 6876
715 1652 1814 2407 3665 3938 5384 5510 6153
716 81 865 1047 1642 2214 2418 3714 3741 4301 4371 4784 5322 5630 5665 6233 6813 6877 6919 7013 7087
717 841 2232 3052 3109 4140 4967 5039 5186 5878 6052
718 1384 1657 3052 3657 4521 4635 4941 6493 6877 6878 6919 7122
719 2110 4015 4807 5844 6538 6702 6806 6842 6871 6923
720 1078 1110 1126 1703 2333 5657 5878
721 421 1343 1657 1829 1871 1980 2036 2421 2504 2978 3040 3359 3819 3994 5232 5270 5878 6123 6871
722 2315 2979 3583 3888 4981 5014 5039 5061 5064 5108 5370 5402 5404 5465 5509 5537 5613 5655 5660 5665 5695 7070 7917
723 61 93 1652 2110 3481 3482 3583 3755 4392 4635 5117 5174 5176 5380 5392 5436 5465 5573 5613 5808 6877 7071
724 93 997 2205 2498 2979 2998 3362 3398 3402 3997 4057 4099 4339 4613 4855 4934 5174 5878 6143 6774
725 167 800 2776 3058 4397 5283 5465 5730 6070 7599
726 158 2209 2722 3058 3331 3844 4391 4403 4457 4635 4741 5117 5176 5322 5337 5434 5569 5613 5665 5676 5695 5711 5713 5944 6389 6774 6815 7582 7906
727 93 1652 3972 3978 4394 6774
728 2134 2257 3155 3781 5102 5174 5337 5403 5434 5465 5808 6153 6734 7484
729 261 463 1048 3570 3888 5563
730 2333 2602 3331 3949 4103 4633 5206 5232 5556 5655 5711 6799 6919 7446
731 405 414 561 1121 1360 1563 1846 2227 2341 2897 3052 3388 3564 3574 4635 5014 5039 5042 5061 5117 5174 5176 5257 5322 5403 5434 5465 5512 5613 5665 5808 6518 6877 6878 6918 7015 7071 7264 7425 7437 7484 7506 7604 7620
732 1158 2333 2997 3573 3914 4022 5577 5885 5886
733 521 1538 1925 2321 3658 3668 5434 5878 6871
734 2292 2808 2988 3331 3878 3942 5878 6675
735 282 2097 2114 2602 3052 5232 5276 7622
736 46 1642 2313 2899 3446 3449 4616 5151 5466 6580
737 432 1885 2027 2390 2402 2406 3052 3796 4864 5439 5541 6381
738 1657 2249 2449 3989 4935 5084 5117 5174 5202 5392 5658 5808 5944
739 660 1652 1657 1754 1973 1974 2010 2047 2097 2120 2315 2602 2979 3545 3564 3583 3888 3898 3988 3989 4036 4139 4140 4281 4301 4302 4361 4394 4403 4529 4543 4569 4626 4629 4934 4969 5049 5050 5095 5108 5404 5533 5552 5655 5657
740 1110 2139 2254 4864 4969 5117 5361 5639 5655 5879 6280 7016 7507
741 83 248 582 1409 1441 1552 2131 2466 2924 2958 3773 3948 4206 5879 7546
742 3125 3331 3524 4677 4688 4864 4941 5174 5176 5325 5465 5551 5563 5789 6380 6493
743 61 414 1989 2042 5325 5402 5465 5552 5657 6157 6474 6580 7599
744 248 429 1206 1607 2441 2466 3222 3748 4223 4530 5878 6518 6720 6907 7554
745 178 934 1993 2006 2815 5567 5879 7153
746 69 158 2149 2249 2466 3061 3474 4391 4591 4616 5930 6928
747 50 747 2835 3537 3948 4371 4392 4935 5049 5095 5174 5354 5384 5404 5512 5533 5878 6369 7264
748 230 1109 1322 2117 2356 2381 2977 3474 3948 5730 5946 6693 6767 6786 7181 7296 7425 7468 7506 7662
749 2981 4629 5127 5563 5878
750 364 1642 1814 2114 2227 2254 2441 2449 3499 3938 3948 3989 5255 5808 5844 6353 6734 7499 7828
751 1113 3740 3814 4864 5343 5362 5591 5597 7369
752 660 661 674 1392 1754 1905 2216 2323 3574 3796 4965 5378 5539 6774 7840
753 553 732 758 1721 4309 5174 5403 6995
754 2158 3746 4629 4677 5337 5340 5402 5533 5878 6556 7099
755 713 742 3948 5567 5601 5704 5856 5878 6072 6553 7582
756 248 1854 1855 1857 1867 1873 1952 2173 2203 2318 2548 2957 3334 5416 6301 7088 7673 7675 7676 7679 7693 7849
757 414 1661 2162 2252 3130 3681 3888 4015 4115 4206 7379 7431 7453
758 256 304 1857 1865 3743 6301 7468 7678 7679
759 1762 1764 1854 1855 1877 6301 7674
760 627 2047 2682 5014 7071 7486
761 81 174 1587 2134 3888 3989 4140 4204 4302 4403
762 1491 1796 1934 2592 2774 2874 2902 2932 3010 3074 3227 3375 4129
763 1150 1657 2057 2231 2339 3331 3583 4397 5093 7493
764 1300 1860 2978 3035 3075 3356 4392 4503 4868 4889 5104
765 742 2253 2509 2602 2979 3855 3961 4394 4803 4934 5510 5878 6555
766 2080 3543 3880 5384 5487 5645 5733 6842
767 701 754 2010 2900 3125 3561 3574 3938 5276 5362
768 93 262 1587 1655 2672 3058 4457 4543 4629 4778 5533 6419 6610 6878 7446 7906 7941
769 399 661 780 1657 3564 3583 3898 4626 4934 5049 5095 5552 5658 5963 6791
770 768 1698 2069 2436 2723 2978 5160 5174 5551 6924 7132 7364 7634
771 90 1700 1721 2098 3274 3842 4103 4343 4457 4533 4589 5465 5466 5613
772 81 93 230 934 2366 2602 4635 5338 5569
773 4160 4231 5751 5762 5767
774 81 158 475 1810 2114 2449 3058 3438 3474 3674 3948 4735 4941 4944 5176 5325 5340 5510 5612 5798 6013
775 93 432 526 758 1393 1441 1509 1639 1657 2249 2333 2406 2421 2501 2602 3524 4397 5011 5040 5095 5537 5844 6518 7436 7442
776 559 592 664 785 1249 1435 2144 2157 2504 2821 3583 3898 3928 3992 4300 4476 4482 4499 5235
777 35 81 857 904 1980 2114 2149 2408 2501 2902 3781 3798 3814 5319 5399 5402 5660 5719 7379
778 1851 2733 2739 2957 3774 4353 5177 5666 6384 7860 7925
779 81 93 432 557 1652 1657 1714 2132 2366 3222 3673 3742 3755 3948 3949 3983 3997 4309 4392 5102 5272 5307 5403 5436 5563 5609 5612 5844 6744 6767 6964 7668 7884
780 16 2602 3380 3514 4811 4902 6875 7048
781 81 276 475 2227 2838 3222 4347 4449 4457 5465 5608 5944 6348 6653 6693 6774 6802 7266 7310 7333 7486 7582 7836
782 773 1824 2466 2526 3052 4397
783 112 584 801 920 1233 2507 2724 2856 3949 4103 5854 5879 5884 6580 6774
784 93 1080 1372 1429 3075 3127 3592 3687 3921 3970 4803 5135 5362 5554 5789 6084 7436 7446
785 754 2855 2885 2903 3212 3925 4403 4969 5102 5878 5952 6313 6686 6729 6734 6774 6819 7015 7486
786 93 177 230 1514 2678 3670 3755 3949 4309 4768 5054 7599 7902 7927
787 1131 1406 1804 1814 2333 2432 2466 2546 3217 3334 3994 4477 4582 4584 4950 5176 5465 5851 7338
788 29 916 1605 1851 2253 2873 4360 4633 6361 6693 7156 7353
789 173 414 764 1791 1846 4392 4403 4559 4820 4925 5434 5465 5496 5512 5962 6786 6949 7379 7599
790 414 1918 3052 3574 4969 5176 6308 6774
791 246 414 538 936 1896 3564 3648 3755 3949 4313 4480 4934 5054 5108 5855 5878 6686 6842 7313
792 553 1360 2034 2712 4361 5899 6799 6979 7478
793 2010 2602 2979 3564 3888 3989 4394 4403 5174 5322 5695
794 1748 1761 2998 3681 4015 4021 4269 4404 5173 5428 5807 6573 7204
795 475 1298 2253 2316 3755 4969 5729 5878 6171 6865
796 71 161 773 1469 2982 3814 3898 4404 4600 4983 5406 5510 5569 5600 7425 7874
797 81 174 1249 2095 2114 2449 3438 3781 5032 5844 7343
798 754 769 1721 2436 2602 3161 3579 3938 5602 5654 7947
799 22 754 1053 1146 1574 1648 1829 2290 2314 2739 3331 3489 3773 4038 4105 4512 4606 5154 5556 5668 5880 6008 6743 6774 7395 7846
800 773 2418 2445 2979 5510 5556
801 81 1130 1201 2253 2979 4037 4912 5102 5183 5254 5851 6606 6786 7599
802 477 1703 2254 3948 5434 5465 5563 5602 5712 5938
803 644 3035 3432 3814 4371 4403 6918 7015 7231 7437
804 627 2236 2253 3736 5878 6445
805 230 414 1760 2158 2356 2383 3242 3574 3609 3611 4397 5067 5231 5257 5283 5303 5465 5563 6055 6485 6518 6964 7122 7141 7264
806 2979 3222 3564 3574 3888 5340 5403 5434 5465 6734 6774 7015 7070 7677
807 1846 2033 2043 3492 4397 5148
808 445 1642 3328 3732 3735 3978 4218 4986 5618 5845 6886 6978 7647
809 81 285 288 289 292 301 323 742 4394 5232 5660 6117 6153
810 846 2038 2238 3058 4543 5162 5227 7070 7602
811 522 3079 3949 4691 5878 5894
812 472 475 1208 1657 1814 2433 2466 2944 2979 4103 4243 4392 4864 4941 4944 5102 5117 5340 5630 5730 6152 6774 6907 6974 7141
813 93 627 1087 1587 1721 1920 2231 2521 3755 3814 3949 5808 6878 6928 7071 7233 7264 7425 7446 7854
814 682 683 684 1207 2435 3438 3567 4505 5095 5174 5275 5602 5678 5699 6014 6372 6493
815 3214 5436 5655 5940 6058 7246
816 1652 1657 1703 1721 1814 1973 1974 1992 2010 2097 2315 2419 2438 2442 2445 2490 2509 2602 2979 3564 3583 3898 3989 4036 4394 4529 4626 5384 5402 5434 5509 5660 5927 6123 6803 7863
817 93 1833 3438 5529 5808 5878
818 769 3052 6084 6272 7165 7536 7923
819 81 773 2097 2253 3001 3222 3564 4313 4392 4934 5404 7266
820 480 1169 1596 1727 3107 3205 3388 3910 4395 6484 7387
821 130 747 2038 2227 3307 5403 5563 6049 7029
822 732 758 792 1196 2249 2315 2360 2408 2426 4884 5014 5174 5878 6153 6799 6878 6964 7279
823 808 1582 3126 3717 5102 6238 6734 7048 7334 7350
824 81 93 261 432 2466 3052 3564 3583 4084 4945 5014 5039 5061 5117 5434 5695 5798 6493 7109 7599 7899
825 90 118 313 314 315 383 1765 6799 6832 7027 7580
826 151 831 860 2096 2799 6314 6837 7116 7576
827 475 4081 4864 5322 5325 5434 5465 7015
828 1409 1411 1412 1430 3052 5613 7941
829 627 740 2114 2134 2253 3058 3089 3438 3583 3855 5070 5368 5560 6493 7022 7183
830 600 630 2158 2449 2715 4196 4952 5232 5569 6153 6599 6872 6964 7313 7398 7599 7677
831 432 600 1652 1657 1683 2109 2602 3438 3583 4015 4206 4394 5176 5277 5322 7264
832 661 1557 1652 1782 2250 2313 2979 4037 4404 4626 5404 6485 6580 6649 6670 6774 7379 7388 7599
833 1321 1853 2602 2979 3344 4371 4666 5095 5434 5512 5864 5977 6871
834 229 443 2808 3927 4140 6774 6964 7208 7425
835 93 158 261 732 815 1028 1605 1622 1704 1787 1824 2161 2250 3056 3400 3977 5033 5852 5959 6485 6546 6653 6779 6963 7333 7453 7703 7753
836 754 818 1057 1946 2441 3241 3714
837 1652 1973 1974 3155 4036 4140 4371 4403 4934 5095 5403 5404 5510 5533 5551 5600 5655 5730 6369 6799 7863
838 905 1629 1652 1657 4864 4945 5176 5537 5630 5654 6774
839 1689 2501 2800 4119 4519 5037 5697 6734 7094
840 248 2333 2435 2449 2489 3978 4103 4688 5117 5174 5325 6153 6485 6756
841 55 93 1829 1972 2088 2089 2157 2161 2254 2333 2381 2387 2416 2419 2438 2442 2466 2992 3008 3132 3327 5663 6532 6845
842 660 1173 1584 1657 3092 4915
843 93 2978 3052 5465 6759 6964
844 93 584 1939 2463 4186 4394 7453 7505
845 61 2110 4898 5014 5061 5117 5174 5176 5325 5402 5403 5434 5512 5613 5665 5702 5711 6919 7436
846 1262 1360 1789 2119 3129 3331 3524 3758 4359 4633 5510 7372 7927 7947
847 802 2591 2763 2960 3613 3869 4115 4296 5005 5204 5501 5503 6394
848 2735 3994 4629 4967 5384 5573 5878
849 1657 1846 2588 2835 3755 3844 4397 6008 6919
850 801 1652 1657 4364 4397 5325 5340 5799 6153 6439
851 1480 1992 2010 2097 2161 2387 2490 2979 3564 3583 3994 4453 4595 4640 5142 5174 5404 5552 5614 5655 5657 5663
852 1814 2366 3052 3331 3499 3781 4457 5465 5944 6546 6978 7306 7582 7599
853 109 191 482 1418 2084 2407 2978 3860 4119 4430 4438 4741 5402 5434 5619 6995 7334
854 1909 2733 2769 4467 5174 6580
855 1657 2101 2510 2949 2979 2994 3043 3135 3438 3514 3551 3583 3877 3938 3958 3994 4403 5174 5232 5392 5403 5465 5655 5808 6071 6485 7084
856 93 766 2436 2445 2521 3058
857 2211 2290 2979 3052 3574 4015 4371 5232 6493 6603 6774 6949
858 46 430 1360 2408 2847 3058 4206 5176 5402 5403 5711 5713 6153 6347 6628 6693 7279 7942
859 801 2250 2617 3331 4457 4873 4934 5102 5174 5232 5402 5537 6367
860 93 1761 2064 2841 2994 3474 3888 4370 4392 5490 5602 5653 6568 6941
861 61 93 758 1657 2149 3052 3375 3388 6734 6919 7015 7279 7453 7599 7781
862 192 281 567 1080 2149 2979 3052 3388 5095 6947 7016 7722
863 81 2333 4633 5436 6153 6737
864 1833 3189 3583 4113 4252 4935 5174
865 276 758 769 1642 2227 2231 2501 2602 3058 4315 4503 5354 5465 5466 5573 5864 6767
866 1349 1456 2660 2950 3058 3609 4196 4864 4941 4976 5030 5106 5325 5402 5563 5573 5608 6153 6580 7446 7463 7502
867 118 261 2159 3574 4902 5918 6656 6754 6843
868 754 959 1703 2315 2449 3781 4262 4315 5232 5600 6147
869 93 261 395 1584 1642 1882 2333 2739 2740 3087 3543 4397 4480 4902 5392 6774
870 81 158 553 680 1281 2149 3781 3814 3949 5510 6918 6964
871 248 901 1481 1624 2333 2406 3316 5510
872 156 626 754 1962 2423 5809 7525 7630
873 382 475 1389 1507 5826 6774 6799
874 1121 1867 3071 3361 3938 4348 4403 4444 5380 5878 6930
875 732 1622 2915 3439 3574 3755 4392 4885 5174 5325 5402 5403 5434
876 675 754 2149 2253 2402 2436 3331 3524 3938 5381 5510 5563 6153 7442 7840 7927
877 174 414 754 773 792 1721 1829 2114 2119 2254 2466 3574 3948 3983 5176 5569 5909 6153
878 1029 1361 2016 2516 2710 3253 4795 6317
879 1404 1409 5388 5450 5453 6384
880 135 2486 4840 4886 5497 5510 5533 6153 6198 6224
881 729 773 912 2236 2602 3191 5174 5944
882 93 2158 3058 3564 3781 4371 4403 5384 5879 6383 6493 6774 6964 6995
883 509 1387 1629 2979 3058 3583 4394 4530 6568 6819 7468
884 668 2546 3032 5404 5466 5925
885 13 222 399 583 810 1026 1343 1408 1642 1997 2801 2967 3087 5805 6022 6799 6842 7188 7749
886 182 480 1936 2254 2421 2466 2602 5746 5878 5912 5955 6071 6875 6949 7092 7153 7320
887 742 802 854 1053 1564 1565 2125 5744 5762
888 93 414 801 1751 3574 4392 4394 4403 5095 5176 5340 5402 5434 6020 6369 6774 7015 7264
889 192 2944 3609 5388 5510
890 812 2286 2377 3185 3402 3823
891 158 2098 2982 3006 3570 4081 4359 4397 4457 4951 5174 5340 6085 6799 7261 7582
892 248 714 1458 1657 2333 2449 3222 3242 3807 4359 4397 4403 5325 5844 5864 6460 6877 6938
893 13 81 90 109 3524 3535 4213 4281 4394 5402 6730 6774 6919
894 614 627 1089 3066 3231 3438 3907 4397 4606 5049 5362 5879 6477 7442
895 93 261 414 2149 2521 3391 3689
896 785 1217 2115 2157 2315 2381 2517 2739 2915 2992 3265 3410 3439 3570 3888 3988 3992 3994 4185 4281 4313 4403 4416 4528 4529 4603 5049 5050 5362 5533 5591 5660 5785 5870 6064 6311 7094 7655 7755
897 352 2733 3853 7357 7425
898 281 364 773 1703 2253 2424 2445 2466 3949 5569 5844 6518 6572
899 2838 3782 3814 4326 4457 5061 6734
900 2595 2650 4119 4397 4466
901 835 1584 2122 2432 2881 3402 5384 5878 6084
902 61 399 561 905 1989 2449 2602 3609 4397 5600
903 1982 3066 3583 3733 4391
904 2449 3819 4011 4014 4016 4470 4546 4961 5081 5083 6325
905 93 2016 3178 3191 3564 5941 6657 6995
906 656 839 1700 2528 3066 4359 4391 4480 4654 4963
907 2114 2441 2988 4368 4397 5117 5232 5569
908 542 940 1300 1882 2211 2739 2963 3356 3784 4119 4606
909 158 414 2944 4457 5781
910 241 660 661 742 785 1527 1652 1974 2047 2089 2097 2193 2416 2438 2992 3050 3072 3132 3298 3327 3564 3583 3898 3992 4125 4173 4292 4302 4313 4528 4569 4735 4964 4969 5092 5235 5243 5322 5465 5552 5613 5655 5676 5703 5785 5927 7046 7353 7655
911 90 1110 1814 2355 2952 3988 4301 4529 4626 4791 4935 4969 5049 5050 5095
912 1657 1980 2826 2835 2838 3956 5512 6073
913 1431 4629 5028 5465 6038 6117
914 1068 1080 1225 1233 1298 1392 2018 2245 2393 2466 2842 2903 3331 3454 5150 5411 5773 6467 7475
915 1629 1765 2445 2944 2982 3814 4397 4981 5084 5878 6153 6799 7677
916 769 2366 3499 4626 4778 4935 4944 5307 5403 6009
917 93 1604 3476 3524 3781 3814 5844 6995
918 287 2903 2978 3331 4103 4864 4874 4925 5202 5730 5844 5909
919 248 782 1360 4015 4397 5402 5730 6737 7219
920 2215 2436 2451 3113 5551
921 742 1047 2236 2395 2407 2903 4224 4232 4606 4633 4688 5510 5611 5844 5945 6279 7396 7469 7709
922 213 274 616 619 1403 4911 6774
923 1814 2067 3131 4854 4945 7524
924 81 399 3052 4392 5014 5174 5322 5325 5403 5434 5465 5572 5573 5613 5665 6774
925 549 1441 1642 1814 2119 2121 2333 2421 2728 2739 2979 3090 3125 3331 4140 4397 5117 5362 5381 5551
926 652 754 957 1131 1642 1721 2421 2445 2659 2660 4572 4864 5466 5844 6995 7436 7899
927 248 261 432 553 2245 2408 2418 2489 2739 3665 4677 5371 5535 5551 5611
928 1993 4258 4749 5878 6207 7137
929 669 1484 3182 3426 3750 3877 4734
930 261 276 3938 4392 6693 7398
931 134 2850 4394 4892 5406 5465 6471 7165
932 2 93 1360 1441 1587 2501 2979 3574 4084 4281 5102 5174 5307 5325 5402 5465 5533 5878 6580 6618 6779 7506
933 2114 3564 5061 5117 5176 5402 5403 5465 5552 5613
934 109 475 4582 4852 6897 7622
935 262 414 621 732 773 1652 1657 1973 1974 2333 2979 3052 3058 3583 3888 4140 4361 4394 4457 4530 5061 5878 6734 6774 6799 6878 7015 7297 7446 7484
936 616 2253 2426 2671 3052 3331 3388 3427 3564 3786 4103 6774 7223
937 181 1652 1657 1974 2047 2129 2315 2398 2979 3216 3545 3564 3583 3988 3989 4036 4037 4140 4281 4301 4302 4361 4528 4529 4530 4543 4934 4969 5049 5050 5095 5108 5275 5404
938 93 230 1300 1642 2422 2481 3548 3681 4375
939 5011 5611 5803 6485 6580 6688 7109 7219 7431
940 61 81 120 174 797 2334 2954 3161 3564 3949 6134 6417 6657 6761 7930
941 545 1211 1488 2254 3948
942 93 159 213 925 1477 2149 2463 2868 3264 3583 3749 3888 4403 5014 5436 5789 5878 6819 7106 7153 7317
943 1925 2602 3564 4734 4935 4969 5049 5095 5465 6777
944 93 240 379 905 934 1077 1253 1657 1886 1920 1962 2256 2956 2958 3045 3061 3107 3109 3112 3116 3359 3548 3750 3888 4015 4269 4470 5095 5191 5232 5613 5655 5721 6071 6105 6183 7068 7671
945 118 732 2521 2835 2982 3052 3143 3949 3972 4939 5680 6580 6878 7264 7398
946 1769 2501 3564 6146 7436 7493
947 2903 2994 3738 5878 7092
948 742 2037 2408 3052 3949 4279 4397 5337 5403 6384 6877
949 3992 5174 5403 5465 5563 6568 7468
950 207 423 1484 5392 6835
951 1518 2029 4925 5303 5362 5878 6675 7198
952 742 901 940 1721 2236 5384 5681 7927
953 661 1652 1657 1754 1973 1974 2010 2047 2097 2120 2286 2315 2343 2602 2979 3545 3564 3583 3888 3898 3988 3989 4036 4037 4139 4140 4281 4301 4302 4313 4361 4394 4403 4528 4529 4530 4543 4569 4626 4629 4680 4934 4935 4969 5014 5039 5049 5050 5061 5095 5108 5174 5275 5276 5277 5354 5404 5509 5533 5537 5552 5655 5657 5658 5660 6369
954 579 792 2751 3331 4049 4075 4543
955 124 974 1736 2449 2501 2688 3052 3131 4391 4513 4839 4951 5014 5600 5844 6036 6347 6528 7206 7249
956 93 414 768 1587 4119 4339 4403 4934 5354 5798 7313 7398 7414
957 174 5322 5392 5533 5700 7302
958 414 561 701 2012 2355 3052 5117 5434 5465 5573 6485 7015
959 475 2010 2315 3564 4652 5398 6767 6774 6950 7350 7379 7537
960 2449 3052 3823 4397 4503 4961 5052 5172 5174 5404
961 2851 2914 3035 3052 3222 3564 3583 5275 5325 5384 5392 6580 6799 7294
962 2254 2406 2421 3052 3075 4240 5434 5465 5600 5679 5909 6057 6462 6737 7761 7936
963 306 769 881 2900 4302 6236 6841 6853
964 4934 5516 5563 5573 5675 6675
965 2158 2257 2356 2602 2708 3308 3405 3524 3671 4457 4626 4666 4935 5049 5551 5600 6767 6912 7264 7468
966 244 380 1365 1657 1829 2838 2979 3140 3938 3988 4105 4140 4371 4394 4403 4463 4629 4864 4934 4935 5428 5533 5552 5864 5909 6393 6412 6419 6775 6815 7442 7906
967 419 1605 2063 3331 3811 4301 4935 5191 5207 5255 5322 5878 6774
968 1572 2057 2536 3578 3583 4397 5465 5492 5514 5621 5702 5913
969 93 3752 4361 4457 5176 5325 5563 5711 6734 7582
970 3305 5002 5022 5181 5366 5772 5941 6233
971 1170 1214 1614 2010 2754 3017 3058 3583 4397 4481 4629 4773 4844 5174 5404 5436 5504 5611 5675
972 206 1244 3056 4158 4397 5403 6651
973 93 1724 3107 5510 5879
974 414 2236 4372 5384 5551
975 8 499 720 939 1970 2477 2480 2550 2602 4616 4745 4759 4762 4768 6164
976 3908 4204 4392 5952 6233 6761 6931
977 484 758 766 901 2408 2501 3125 3938 4359 5611
978 86 1559 2827 3038 3127 3354 4194 5063 5251 5401 6139
979 93 262 3574 4873 5174 6907 7015 7070
980 627 792 1441 1652 1657 1814 1974 2315 2436 2449 3052 3583 3948 4036 4503 4629 4934 5465 5512 5551 5559 5569 5675 6493
981 627 1721 2254 2408 2818 2903 2944 3798 4397 4941 5060 5325 5510 5551 5600 6153 6493 6815 6964
982 414 492 849 2333 6050 6182
983 86 399 488 633 1714 1870 2333 2501 5340
984 361 754 765 769 883 1363 2227 2887 3570 4081 4403 4457 5174 5325 5512 5537 5660 6447 6774
985 1032 1057 2452 3824 4167 4532 5079 6408 6462
986 61 742 768 1657 2253 2426 2501 2942 4864 5174 5322 5384 5403 5434 5465 5535 5549 5563 5647 5695 5730 5878 6964 6995 7947
987 490 1280 1846 1960 2149 2333 2602 4404 6579 6739 6774 7258
988 715 842 988 1988 2149 2734 3068 3092 3145 3355 4105 6568
989 785 1538 1632 3980 4088 7754
990 248 475 742 1039 1721 2408 3125 3524 4371 4391 4397 5196 5319 5371 5510 5551
991 1911 2602 2859 2921 2956 3089 3223 3226 3227 3282 3895 3920 4126 4240 5014 5039 5245 5692 5751 6383
992 189 475 769 934 2253 2421 2500 3560 3938 3948 4941 5117 5325 6493 6907
993 256 1886 2058 3237 3602 3892 4200 4537 4631 4956 6163
994 627 2521 2955 4391 5232 5465 5844 5863 5966 6693 6734 6888 7068 7109 7391 7582 7731 7941
995 2010 2466 2861 3045 3064 3739 3994 4841 5384 5539 5655 5878
996 4394 5174 5434 5944 6759 7264
997 248 350 3052 3814 3881 3948 4403 4404 4440 4858 5878
998 782 1781 5465 5864 7395 7599
999 758 1080 1614 1622 1629 2236 2988 3781 3811 4397 5014 5039 5174 5176 5322 5325 5384 5402 5403 5434 5465 5512 5606 5613 5909 6367 6735 7620
