[0, 779, 792, 1262, 1987, 2499]
[1, 451, 539, 728, 839, 1714, 1982, 2449, 2512, 2539, 2909, 3055]
[2, 1292, 1339, 2011, 2153, 2725, 2828, 2962, 3131, 3469]
[3, 746, 799, 1077, 1114, 1238, 1308, 1472, 2016, 2725]
[4, 190, 335, 348, 792, 800, 939, 943, 2056, 2376, 2481, 2561, 2739, 3174, 3180, 3273]
[5, 188, 728, 962, 1358, 1450, 1895, 2464, 2699, 3214, 3406, 3514]
[6, 892, 962, 1539, 1976, 2890]
[7, 45, 1794, 2499, 2757, 3206]
[8, 72, 516, 720, 721, 1269, 1320, 2062, 2182, 3125, 3128]
[9, 64, 332, 411, 435, 532, 1624, 1883, 1956, 2297]
[10, 1358, 1636, 1646, 1764, 1828, 1870, 1991, 2047]
[11, 1070, 1318, 1639, 1668, 2119, 2730]
[12, 45, 1077, 1083, 1120, 1399, 1764, 1769, 1790, 1808, 1976, 1982, 2073, 2376, 2377, 2904, 3115, 3165, 3278, 3494]
[13, 295, 566, 728, 1114, 1218, 1443]
[14, 293, 547, 714, 1539, 2499, 2564]
[15, 721, 872, 1394, 1539, 1632, 1678, 1987, 2268, 2706, 2839]
[16, 187, 190, 280, 593, 1103, 1376, 1567, 2031, 2073, 2131, 2704, 2914, 2971, 3125, 3126, 3197, 3214, 3255, 3256, 3309, 3336]
[17, 29, 45, 844, 934, 980, 1120, 1143, 1386, 1463, 1984, 3156, 3274, 3295, 3357]
[18, 331, 1358, 1991, 2244, 2266, 2311, 2612]
[19, 532, 875, 1101, 1126, 1134, 1175, 1397, 1512, 1646, 1714, 1764, 1869, 2305, 2486, 2499, 2640, 3336]
[20, 200, 708, 805, 1093, 1131, 1358]
[21, 147, 335, 644, 1137, 2054, 2464, 2469]
[22, 491, 496, 1539, 1905, 2258, 2265, 2925, 2971]
[23, 121, 497, 728, 930, 1060, 1107, 1399, 1401, 1402, 2013, 2307, 2512, 2647, 2648, 2711, 3081, 3264]
[24, 290, 957, 1123, 1917, 2126, 2286]
[25, 792, 914, 999, 1104, 1106, 1107, 1114, 1539, 1741, 1947, 2739]
[26, 29, 43, 78, 116, 1045, 1114, 1257, 1270, 1342, 1401, 1403, 1599, 1802, 1992, 2567, 3131, 3156, 3313]
[27, 121, 127, 200, 1539, 1618, 1636, 1714, 1984, 2034, 2102, 2105, 2244, 2311, 2534, 2971, 3057, 3141, 3387, 3494]
[28, 930, 1035, 1054, 1636, 1646, 1764, 1810, 1869, 1947, 1948, 1971, 1984, 2047]
[29, 37, 45, 53, 156, 761, 938, 954, 1128, 1152, 1385, 1396, 1399, 1598, 1649, 1714, 1726, 1992, 2072, 3081, 3180, 3265]
[30, 658, 852, 862, 1082, 1091, 1277, 1741, 1982, 2034, 2567, 2709]
[31, 446, 728, 1399, 1642, 1794, 1982, 2020, 2346, 2440, 2448, 2476, 2481, 2488, 2535, 2590, 2690, 2699, 2709, 2975, 3081, 3347]
[32, 1306, 1598, 1788, 1842, 1861, 1993, 2002, 2565, 2905, 3012, 3292, 3396]
[33, 830, 1312, 1353, 2202, 3007, 3046, 3411, 3499]
[34, 680, 1228, 1636, 2909, 3181, 3223, 3353, 3383]
[35, 249, 337, 716, 999, 1011, 1319, 2061]
[36, 753, 1642, 1808, 2481, 2564, 2569, 2968, 3180, 3347]
[37, 89, 190, 296, 699, 742, 745, 753, 1004, 1108, 1202, 1425, 1668, 2310, 2489, 2531, 2535, 2611, 2718, 3029, 3162, 3165, 3180, 3221, 3356, 3378, 3466, 3475, 3500]
[38, 682, 1732, 1811, 1991, 2726, 2810, 3046, 3115]
[39, 11, 27, 169, 229, 340, 457, 696, 856, 1168, 1211, 1333, 1866, 1920, 1921, 2051, 2198, 2386, 2579, 2601, 2926, 2929]
[40, 999, 1399, 1500, 1636, 1740, 2624, 2709, 2968, 2999, 3401, 3522]
[41, 1802, 1806, 2212, 2307, 2376, 2449, 2481, 2488, 2489, 2512, 3063, 3081, 3180]
[42, 228, 1608, 2720, 2799, 3063, 3401, 3518]
[43, 556, 1318, 1362, 1541, 1543, 2810, 3507]
[44, 280, 349, 805, 1277, 1842, 2579, 2654, 2725, 2771, 2794, 3126]
[45, 160, 1011, 1421, 1642, 1855, 2080, 2256, 2466, 2519, 3055, 3357]
[46, 274, 728, 1593, 2105, 2512, 2535, 2966, 3102, 3158]
[47, 1035, 1175, 1636, 1784, 2337, 3081, 3371]
[48, 45, 216, 249, 1793, 2266, 2430, 2466, 2569, 2575, 2839, 2867, 2873, 2977, 3066, 3174]
[49, 190, 348, 792, 944, 1081, 1114, 1636, 1976, 2346, 2449, 2471, 2499, 2709, 2720, 3063, 3174, 3318, 3333, 3401, 3524]
[50, 72, 158, 193, 297, 306, 335, 349, 648, 850, 884, 939, 999, 1004, 1016, 1106, 1388, 1390, 1809, 1896, 1976, 2016, 2474, 2512, 2534, 2599, 2720, 2725, 2739, 3145]
[51, 257, 532, 913, 1190, 1331, 1548, 1695, 1896, 1965, 2034, 2101, 2145, 2501, 2726, 2794, 2926, 3102]
[52, 903, 999, 1233, 1304, 1983, 1987, 2603, 2725, 3254]
[53, 340, 342, 944, 1011, 1125, 1131, 1539, 1793, 2073, 2431, 2488, 2720, 2839, 3064]
[54, 249, 1698, 2070, 2694, 2739, 2968, 3333, 3471]
[55, 350, 903, 1107, 1180, 1197, 1553, 1600, 1608, 1812, 2089, 2332, 2462, 2725, 2978]
[56, 593, 1714, 2071, 2102, 2266, 2307, 2376, 2968, 3156]
[57, 962, 998, 1045, 1341, 1527, 3382]
[58, 366, 607, 650, 1276, 1996, 2294, 2587]
[59, 55, 958, 1528, 1854, 1982, 1984, 2418, 2725, 2857, 3063, 3081, 3141, 3264, 3322, 3338]
[60, 232, 939, 1092, 1443, 1740, 1741, 1793, 1984, 2488, 2709, 2720, 2739, 2757, 3274]
[61, 159, 476, 1022, 1024, 1048, 1261, 1377, 1566, 1825, 2139, 3488]
[62, 45, 489, 728, 805, 1358, 1399, 1564, 1642, 1646, 1787, 2377, 2512, 2699, 2955]
[63, 1812, 2212, 2307, 2311, 2337, 2376, 2401, 2422, 2449, 2481, 2488, 2489, 2512, 2535, 2542, 2569, 2586, 2590, 2600, 2615, 2624, 2625, 2699, 2971, 3180]
[64, 991, 1093, 2934, 3091, 3342, 3502]
[65, 118, 183, 461, 593, 663, 728, 1081, 1277, 1479, 1545, 1952, 2959, 3480]
[66, 327, 424, 888, 1061, 1107, 1658, 2194, 2356, 2725, 2927]
[67, 116, 728, 930, 1646, 1714, 1982, 1991, 2448, 2488, 2611, 2699, 2839, 3081, 3477]
[68, 37, 349, 939, 1089, 1093, 1402, 1668, 1740, 2071, 2376, 2448, 2488, 2512, 2534, 2535, 2590, 2636, 2647, 3509]
[69, 234, 797, 2250, 2485, 2572, 3063]
[70, 132, 140, 141, 142, 143, 172, 216, 771, 809, 810, 811, 819, 916, 1399, 2248, 2249, 2251, 2564, 2586, 2590, 2725, 2889, 2971, 3436]
[71, 113, 879, 999, 1014, 1143, 1278, 1311, 1398, 1471, 1539, 2229]
[72, 358, 1507, 1976, 2126, 2513, 3174]
[73, 1083, 1175, 1790, 1793, 1794, 2485, 2582, 2631, 3013, 3081]
[74, 249, 508, 546, 1291, 1951, 2665, 2667, 2686, 2725, 2951]
[75, 335, 348, 422, 610, 1007, 1082, 1318, 1854, 2709, 2739, 3066, 3460, 3500]
[76, 563, 721, 939, 1089, 1196, 1274, 1509, 1581, 1711, 1759, 1792, 1950, 1987, 1991, 2307, 2319, 2810]
[77, 496, 1181, 1210, 1387, 1406, 1560, 2409, 2683, 2874, 2974, 3369]
[78, 37, 55, 60, 64, 280, 331, 393, 636, 1402, 1841, 1981, 2061, 2499, 2500, 2647, 2971, 2999, 3047, 3125, 3162, 3409]
[79, 90, 337, 349, 1004, 1093, 1794, 2126, 2365, 2659, 2709, 2720, 3139, 3162, 3526]
[80, 45, 359, 1809, 1991, 2244, 2619]
[81, 267, 1704, 2109, 2181, 3076, 3491]
[82, 1971, 2103, 2291, 2305, 2306, 2377, 2448, 2542, 2556, 2569, 2611, 2612, 2613, 2694, 2919]
[83, 1131, 1599, 1645, 1660, 1987, 2291, 2319]
[84, 593, 1060, 2291, 2319, 3273]
[85, 156, 725, 805, 1048, 1060, 1714, 2030, 2458, 2564, 2593, 2618, 2720, 3137, 3274]
[86, 190, 374, 725, 860, 861, 970, 1175, 1400, 1636, 1794, 1829, 1947, 2171, 2244, 2311, 2312, 2337, 2489, 2499, 2513, 2919, 3078]
[87, 265, 1362, 1571, 1664, 1950, 2555, 2582, 2725, 2810]
[88, 345, 593, 746, 753, 999, 1007, 1091, 1539, 1668, 2034, 3004, 3126, 3174, 3288]
[89, 284, 409, 1861, 1877, 1957, 2388, 2726, 2899, 3298, 3370]
[90, 37, 710, 1324, 1603, 1793, 1812, 1987, 2918, 3401]
[91, 349, 800, 904, 933, 1358, 1394, 1714, 1987, 2130, 2339, 2376, 2588, 2775]
[92, 497, 800, 1007, 1087, 1089, 1114, 1131, 1336, 1991, 2056, 2346, 2372, 2377, 3126]
[93, 107, 185, 366, 607, 893, 1079, 1133, 1194, 1341, 1369, 1539, 1771, 1804, 2183, 2364, 2732, 2939]
[94, 202, 345, 1004, 1011, 1091, 1098, 1445, 1666, 1793, 1835, 2126, 2420, 2512, 2534, 2574, 2659, 2709, 2839, 3154, 3156]
[95, 400, 900, 1399, 1793, 1953, 2034, 2139, 2440, 2997, 3260]
[96, 773, 1402, 1636, 1646, 1769, 1991, 2103, 2105, 2130, 2207, 2499, 2533, 2699, 2739, 3188]
[97, 29, 951, 1399, 1987, 3214]
[98, 29, 862, 903, 2337, 3339, 3352]
[99, 190, 1035, 1358, 1636, 1646, 1764, 2127, 2271, 2291, 2305, 2306, 2321, 2376, 2377, 2411, 2488, 2499, 2590, 2615, 3063]
[100, 249, 439, 1571, 2694, 2712, 2794]
[101, 632, 728, 860, 903, 945, 1011, 1077, 1087, 1646, 1947, 1976, 2449, 2557, 2590, 2834]
[102, 283, 348, 392, 941, 944, 1525, 1693, 1751, 1911, 1941, 2068, 2074, 2076, 2158, 2167, 2280, 2437, 2438, 2515, 2654, 2674, 2690]
[103, 315, 804, 1340, 2673, 2903, 3012, 3021, 3039, 3479]
[104, 78, 593, 632, 699, 862, 962, 1027, 1114, 1535, 1608, 1794, 1854, 2102, 2126, 2244, 2311, 2339, 2376, 2487, 2488, 2535, 2725, 2839, 2906, 3063, 3064, 3081, 3180, 3196, 3316, 3471]
[105, 369, 580, 1845, 2725, 2761]
[106, 505, 728, 832, 973, 1012, 1726, 1793, 1854, 1964, 1979, 2336, 3360]
[107, 269, 962, 1007, 1358, 1788, 2725, 3128]
[108, 58, 1073, 1358, 1726, 1810, 3455]
[109, 190, 200, 593, 954, 996, 1143, 1494, 1642, 1714, 2229, 2291, 2391, 2473]
[110, 66, 121, 515, 943, 1131, 1565, 1741, 1842, 2499, 2611, 2918, 2971, 3042, 3063]
[111, 286, 493, 791, 1107, 1665, 1936, 2132, 2516, 2694, 2723, 2725, 3081, 3102, 3349]
[112, 331, 699, 792, 1082, 1106, 1628, 1741, 1790, 1947, 1987, 2034, 2102, 2105, 2244, 2474, 2512, 2564, 2582, 2699, 2709, 2810, 2910, 3500]
[113, 43, 345, 1011, 1083, 1106, 1668, 1726, 1741, 2034, 2105, 2207, 2582, 3091]
[114, 351, 394, 563, 753, 791, 1399, 1740, 1960, 2173, 2389, 3001, 3066, 3081]
[115, 699, 1083, 1114, 1976, 2243, 3288]
[116, 121, 280, 478, 753, 1004, 1175, 1636, 1646, 1793, 3091]
[117, 366, 1057, 1401, 1412, 1680, 1740, 1844, 2656, 2690, 3141, 3194, 3318, 3338]
[118, 149, 150, 507, 1035, 1834, 1982, 3099]
[119, 72, 938, 1749, 1935, 1981, 2489, 3081]
[120, 725, 728, 860, 1636, 1646, 1947, 1982, 2311, 2611]
[121, 41, 428, 443, 1586, 2164, 2668, 2672, 2679]
[122, 283, 355, 428, 436, 455, 535, 721, 728, 944, 1358, 1646, 1710, 1712, 1769, 1780, 1810, 1821, 1984, 2109, 2316, 2409, 2428, 2542, 2659, 3238]
[123, 93, 116, 335, 845, 1107, 1131, 1854, 3060, 3091, 3470]
[124, 348, 728, 2023, 2067, 2431, 2481, 2499, 2600, 2610, 3273, 3411, 3478, 3494]
[125, 14, 124, 464, 962, 1318, 1874, 2725, 2881, 3369]
[126, 192, 674, 728, 739, 1392, 1528, 1646, 1769, 1793, 1829, 1948, 2047, 2595, 2877]
[127, 651, 794, 942, 1358, 2156, 2538, 2576, 2585, 3066, 3393]
[128, 1100, 1119, 2007, 2307, 2481, 2654, 2839, 3063, 3081, 3141, 3180, 3196]
[129, 1055, 1355, 1984, 2064, 2339, 2487, 2512, 2535, 3115]
[130, 36, 49, 714, 996, 1630, 1769, 1820, 2376, 2377, 2409, 2754, 3078, 3324]
[131, 190, 200, 1274, 1402, 1642, 1668, 1842, 1969, 2056, 2119, 2376]
[132, 72, 1358, 1394, 1813, 1939, 1954, 1984, 2133, 2243, 2337, 2448, 2542, 2611]
[133, 954, 1057, 1714, 1802, 2449, 2458, 2488, 2499, 2500, 2564, 2611, 2616, 2932, 3195, 3496, 3518]
[134, 55, 121, 280, 501, 862, 1542, 1820, 2871]
[135, 200, 792, 805, 1045, 1079, 1387, 1646, 2346, 2611, 2822, 3040]
[136, 157, 366, 488, 576, 1107, 1352, 1452, 1793, 1939, 1976, 2447, 2484, 2611, 2726, 3518]
[137, 354, 1247, 1618, 1899, 2829, 3000, 3128, 3469]
[138, 174, 253, 298, 348, 349, 613, 698, 962, 1351, 1421, 1529, 1728, 1976, 2571, 3321]
[139, 152, 348, 807, 1175, 1854, 2444, 2725, 3344, 3345]
[140, 190, 335, 753, 800, 976, 1077, 1114, 1318, 1668, 1828, 2178, 2739, 2757, 3081, 3139]
[141, 955, 999, 1104, 1490, 1741, 1790, 1987, 2152, 2449, 2487, 2488, 2512, 2534, 2564, 2739]
[142, 593, 632, 1012, 1054, 1081, 1091, 1125, 1349, 1463, 1539, 1609, 2073, 2512, 2534, 2760, 2854, 2919]
[143, 323, 886, 1129, 1208, 1713, 1812, 2725, 2993, 3015, 3181]
[144, 116, 353, 1018, 1053, 1124, 1128, 1539, 1570, 1710, 1992, 2304, 2688, 2722, 2802, 3503]
[145, 119, 1577, 1964, 2212, 2248, 2427, 2428, 2441, 2449, 2462, 2488, 3289]
[146, 873, 1790, 2368, 2376, 2725, 2960, 3402]
[147, 334, 365, 841, 1338, 1450, 1782, 1948, 2376, 2391, 2449, 2500, 2600]
[148, 37, 339, 746, 989, 1011, 1274, 2707, 2968]
[149, 735, 989, 1351, 1461, 1625, 1757, 1852, 1855, 1998, 2063, 2142, 2225, 2334, 2336, 2559, 2584, 2849, 2931, 3328]
[150, 1107, 1636, 1646, 1720, 1755, 1987, 1991, 2103, 2212, 2243, 2244, 2266, 2337, 2379, 2455, 2476, 2542, 2611, 2974, 3081, 3196]
[151, 43, 200, 216, 331, 895, 1740, 2346, 3137, 3347]
[152, 86, 1175, 1274, 1777, 1809, 1810, 1893, 2016, 2377, 2699, 2992, 3162, 3165, 3288, 3322, 3401]
[153, 37, 216, 413, 1402, 1661, 2757, 3047, 3243]
[154, 106, 295, 310, 374, 728, 775, 805, 1608, 2201, 2473, 2768, 2991, 3004, 3156, 3180, 3189, 3324, 3338, 3401]
[155, 45, 55, 274, 627, 669, 944, 1124, 1358, 1399, 1636, 1789, 1812, 2000, 2010, 2212, 2249, 2279, 2376, 2408, 2451, 2459, 2481, 2512, 2611, 2690, 2699, 2725, 3063, 3125, 3156, 3180, 3207, 3265, 3318, 3342, 3471, 3478]
[156, 694, 725, 748, 962, 1011, 1175, 1215, 2369, 2699, 3031]
[157, 37, 575, 1082, 1399, 2108, 2449, 2483, 2518, 2817, 3401]
[158, 45, 917, 1072, 1402, 1539, 1828, 2095, 3141, 3318, 3401, 3457]
[159, 271, 342, 741, 792, 942, 1131, 1613, 1615, 1678, 2207, 2598, 2634, 2830, 3501]
[160, 121, 127, 172, 216, 809, 810, 811, 1740, 2291, 2709, 2720, 3411, 3430, 3431, 3432, 3433, 3435, 3436]
[161, 45, 177, 347, 642, 1035, 1636, 1981, 2946, 3009, 3063, 3081, 3101, 3174, 3196, 3234, 3369]
[162, 660, 725, 882, 930, 1646, 1810, 1948, 2019, 2047, 2149, 2411, 2427, 2428, 2546, 2611, 2612, 2624, 2919]
[163, 313, 1107, 1201, 1816, 2043, 2467, 2503, 2726, 2909, 3056, 3068, 3122, 3398]
[164, 67, 718, 2663, 2782, 2973, 2992, 3091, 3274, 3338]
[165, 199, 323, 516, 517, 672, 1026, 1627, 1969, 2420, 2487, 2512, 2535, 2564, 2827, 2886, 2975, 3102, 3162, 3214]
[166, 78, 200, 377, 404, 741, 756, 855, 1308, 1636, 2780, 3018, 3199]
[167, 821, 1358, 1387, 2090, 2327, 3002]
[168, 728, 1186, 1277, 1982, 1987, 2259, 2487]
[169, 1094, 1358, 1426, 1793, 1984, 2585, 2647, 2682, 3176, 3258]
[170, 45, 254, 291, 348, 714, 842, 939, 962, 997, 1081, 1494, 1738, 1769, 2207, 2337, 2408, 3091, 3174]
[171, 348, 606, 614, 623, 729, 746, 954, 1114, 2466, 2580, 2599, 2705, 2725, 2999, 3239, 3486]
[172, 9, 361, 464, 520, 716, 2715]
[173, 17, 55, 113, 200, 216, 428, 619, 725, 733, 1072, 1120, 1220, 1636, 2725, 3140, 3180, 3273, 3342]
[174, 280, 1082, 1402, 1677, 2374, 2534, 2568, 2699, 3129, 3142]
[175, 295, 875, 930, 1122, 1374, 1397, 1411, 1523, 1798, 2047, 2093, 2343, 2625]
[176, 349, 2126, 2207, 2476, 2525, 2698, 2830]
[177, 367, 428, 962, 999, 1159, 2377, 2725, 2828, 2839]
[178, 122, 188, 286, 771, 809, 810, 1662, 2016, 2075, 2889, 2926, 3051, 3435, 3436, 3437, 3438, 3439]
[179, 45, 51, 817, 843, 878, 904, 1022, 1570, 1592, 1759, 1766, 1812, 2246, 2512, 2534, 2726]
[180, 121, 532, 800, 1011, 1081, 1089, 1726, 1793, 1971, 2556, 3405, 3488, 3489, 3500, 3520, 3527]
[181, 58, 693, 705, 1028, 2172, 2436, 2725, 2783, 2970, 3198, 3279, 3329]
[182, 590, 1060, 1334, 1519, 2100, 2108, 2816]
[183, 24, 116, 216, 702, 703, 1318, 1505, 1642, 1684, 1714, 1726, 1814, 1828, 1982, 2000, 2042, 2346, 2444, 2449, 2487, 2535, 2649, 2968, 2971, 3085, 3518, 3522]
[184, 37, 216, 481, 1494, 1714, 1802, 2339, 2346, 2377, 2418, 2487, 2488, 2512, 2569, 2590, 2610]
[185, 110, 728, 822, 861, 903, 1012, 1106, 1175, 1357, 1595, 1984, 1991, 2243, 2567, 2686, 3091]
[186, 1050, 1114, 1143, 1399, 1636, 1969, 1984, 2289, 2339, 2500, 3040, 3258]
[187, 116, 1032, 1055, 1089, 1790, 2646, 2795, 3008, 3500]
[188, 658, 924, 1107, 1796, 2248, 2569, 2739, 2839, 3103, 3137, 3227, 3453]
[189, 274, 728, 962, 1077, 1646, 1764, 2045, 2489, 3058, 3247]
[190, 860, 1358, 1984, 3091, 3180, 3333]
[191, 216, 1610, 1779, 1861, 1913, 1916, 1917, 1991, 2821, 2971, 3128, 3207, 3347]
[192, 14, 392, 510, 679, 869, 1022]
[193, 184, 593, 996, 1035, 1045, 1175, 1273, 1277, 1358, 1646, 1714, 2243, 2249, 2488, 2535, 2611, 2618, 2861, 3409]
[194, 1107, 1157, 1330, 1499, 2485, 2952]
[195, 593, 997, 1045, 1180, 1447, 1987, 2513, 2582, 2726, 2947, 3080, 3087, 3362, 3500]
[196, 216, 1022, 1277, 1935, 2016, 3274, 3333, 3398]
[197, 5, 369, 675, 679, 845, 855, 856, 1075, 1847, 1925, 2097, 2175, 2233, 2725, 2780, 3236]
[198, 864, 1357, 1402, 1584, 1981, 2016, 2044, 2409, 2420, 2458, 2525, 3128]
[199, 593, 800, 999, 1093, 1939, 1982, 2534, 2959, 3196]
[200, 92, 95, 96, 248, 408, 476, 572, 824, 1000, 1135, 1151, 2021, 2119, 2398, 2432, 2471, 2729, 2808, 3312, 3411]
[201, 583, 646, 779, 2799, 2909, 3048]
[202, 203, 710, 1022, 1147, 1314, 1636, 2087, 2852, 2909, 3132]
[203, 48, 1029, 1265, 1474, 1742, 1861, 1964, 2214, 2466, 2730, 2790, 3050, 3188, 3448, 3449]
[204, 149, 150, 151, 1007, 1077, 1082, 1107, 1636, 1764, 1769, 2105, 2555, 3091, 3097, 3099]
[205, 462, 518, 581, 962, 1166, 1263, 1995, 3017, 3367]
[206, 218, 433, 723, 1043, 1530, 1740, 2736, 2926, 3108, 3378, 3482]
[207, 867, 954, 1399, 1706, 1991, 2034, 2367, 2440, 2513, 2726, 2839, 3074]
[208, 55, 330, 504, 862, 939, 976, 1004, 1277, 1402, 3063, 3081, 3141, 3146, 3180, 3196, 3488]
[209, 653, 1107, 1530, 1668, 2201, 2225, 2476]
[210, 84, 962, 1790, 1794, 2957, 3075]
[211, 36, 64, 547, 699, 1864, 1878, 1924, 1929, 2481, 2676, 3063, 3124, 3139, 3166, 3180, 3196]
[212, 805, 1275, 1629, 1633, 1673, 1686, 1689, 1717, 1728, 1823, 2151, 2161]
[213, 657, 1764, 1769, 1939, 2312, 2409, 2611, 2613, 2624, 3164, 3181, 3424]
[214, 954, 1741, 1769, 1869, 1987, 2326, 2489, 2564, 2909]
[215, 37, 45, 102, 593, 637, 1104, 1362, 1395, 1696, 1714, 1736, 1740, 2628, 2758]
[216, 1539, 1725, 1740, 2377, 2476, 2512, 2535, 2918]
[217, 43, 762, 962, 1646, 2462, 2567, 2611, 2655, 2915]
[218, 74, 1179, 1596, 1794, 2248, 2542]
[219, 55, 116, 521, 971, 1061, 1262, 1375, 2287, 2478, 2533, 2699, 2725, 2763, 2992, 3062, 3081, 3316, 3409]
[220, 61, 105, 138, 238, 448, 1394, 1435, 1437, 1481, 1728, 3417]
[221, 1011, 1093, 1104, 1336, 1358, 1511, 1976, 2569, 2647]
[222, 45, 54, 72, 295, 593, 688, 706, 727, 728, 753, 803, 939, 996, 1107, 1219, 1329, 1358, 1399, 1402, 1416, 1646, 1829, 1981, 2467, 2481, 2512, 2590, 2593, 2784, 2999, 3196, 3273, 3288, 3313, 3342, 3401, 3523]
[223, 43, 116, 190, 216, 254, 428, 501, 728, 1004, 1091, 1336, 1535, 1628, 1714, 2244, 2337, 2534, 2583, 2923, 2971, 3086]
[224, 156, 873, 878, 1015, 1642, 1812, 2129, 2139, 2487, 2512, 2725, 2968, 3081]
[225, 1007, 1726, 1790, 1982, 2307, 3081, 3180]
[226, 1463, 1646, 1947, 1971, 1984]
[227, 348, 792, 900, 942, 1077, 1082, 1093, 1131, 1741, 2274, 2534, 2588, 2774, 3091]
[228, 725, 728, 1870, 1987, 2109, 2536, 2600, 2820, 3128]
[229, 45, 280, 588, 738, 1399, 1539, 1795, 2105, 2272, 2409, 2608, 2891, 3250]
[230, 1192, 1533, 2206, 2322, 2512, 2564]
[231, 16, 161, 632, 999, 1011, 1045, 1107, 1114, 1696, 1853, 1881, 1987, 3091]
[232, 272, 280, 827, 1982, 2752, 2953, 3137]
[233, 45, 332, 395, 416, 1418, 1431, 1599, 1805, 2086, 2238, 2511, 3085, 3288]
[234, 323, 1123, 1462, 1749, 1950, 2376, 2739, 3081, 3114, 3518]
[235, 208, 1611, 1637, 2534, 2568]
[236, 187, 1101, 2024, 3037, 3288, 3409]
[237, 190, 286, 331, 642, 1793, 2045, 2448, 2488, 2512, 3220, 3390]
[238, 164, 741, 753, 962, 1059, 1089, 1131, 1333, 2126, 3100]
[239, 127, 320, 490, 1328, 1926, 1927, 3315]
[240, 37, 1399, 1765, 2244, 2339, 2636, 2968, 2971, 3173, 3434]
[241, 1098, 1764, 1810, 2374, 2725, 2787, 3012, 3081, 3082, 3141, 3210, 3274]
[242, 632, 728, 999, 1726, 1984, 2047, 2447, 2725, 2968]
[243, 593, 1399, 1703, 1824, 1880, 2235, 2323, 2333, 2345, 3044]
[244, 28, 184, 468, 728, 1035, 1131, 2115, 3091, 3271, 3280]
[245, 110, 862, 1114, 1793, 1870, 2377, 2448, 2765]
[246, 121, 182, 276, 323, 712, 919, 1463, 1487, 1569, 1676, 1969, 2926, 2972, 3070, 3378]
[247, 45, 1982, 2008, 2512, 2518, 2725, 3040]
[248, 85, 117, 713, 805, 962, 988, 1011, 1082, 1107, 1829, 2034, 2337, 2377, 2499, 2534, 3081, 3180]
[249, 178, 280, 319, 410, 1060, 1313, 1422, 1794, 1855, 1902, 2512, 2618, 2794, 2821, 2968, 3126, 3137, 3356, 3401]
[250, 353, 481, 725, 728, 766, 860, 861, 882, 903, 930, 945, 1035, 1053, 1054, 1092, 1099, 1121, 1122, 1175, 1358, 1364, 1374, 1411, 1523, 1628, 1636, 1646, 1764, 1769, 1809, 1810, 1828, 1829, 1869, 1870, 1892, 1939, 1947, 1948, 1952, 1971, 1984, 1991, 2045, 2046, 2047, 2056, 2071, 2102, 2103, 2149, 2243, 2244, 2266, 2311, 2312, 2337, 2343, 2411, 2427, 2428, 2462, 2489, 2533, 2542, 2546, 2556, 2611, 2613, 2615, 2621, 2624, 2625, 2919]
[251, 433, 874, 995, 1095, 1261, 1300, 1430, 1555, 1839, 2674, 2702, 3078, 3091]
[252, 200, 335, 1030, 1642, 2792, 3263]
[253, 280, 1060, 1538, 1741, 1802, 1842, 2394, 2971, 3125, 3137]
[254, 246, 345, 805, 1618, 1628, 1636, 1646, 1790, 1793, 2561, 3046, 3162, 3257, 3276, 3401, 3520]
[255, 721, 1894, 1952, 2103, 2376, 2422, 2449, 2487, 2488, 2512, 2833, 2834, 3154]
[256, 50, 1224, 1786, 1935, 2615]
[257, 139, 452, 1622, 2125, 2715, 2937, 3239]
[258, 102, 295, 665, 728, 1175, 1326, 1636, 1688, 1810, 1987, 2476, 2611, 2733, 2968]
[259, 216, 227, 447, 557, 650, 778, 1358, 1584]
[260, 962, 1011, 1065, 1397, 1411, 2748]
[261, 122, 127, 280, 1642, 2517, 2743, 2964]
[262, 1487, 1616, 2249, 2475, 2499, 2523, 2614, 2650]
[263, 725, 1035, 1358, 1646, 1810, 1828, 2137, 2489, 2739, 2812, 2853]
[264, 280, 1289, 1399, 1558, 1714, 2255, 2376, 2842, 3024, 3055, 3422]
[265, 216, 251, 366, 637, 953, 1073, 1179, 2146, 2339, 2377, 2535, 3085, 3156, 3180]
[266, 2294, 2376, 2408, 2448, 2481, 2512, 2564, 2569, 2640, 3063, 3274, 3342]
[267, 340, 1107, 1726, 1769, 2034, 2462, 2725]
[268, 608, 984, 1267, 1539, 1783, 1833, 2512, 2659]
[269, 294, 750, 1234, 1462, 1604, 1793, 1946, 1969, 2791, 3057, 3357, 3501]
[270, 1358, 1585, 1608, 1636, 2376, 2462, 2757, 3081]
[271, 397, 593, 1114, 1336, 1608, 1790, 1854, 2073, 2374, 2499, 2536, 2691, 2698, 2801]
[272, 503, 562, 1022, 1179, 1423, 1427, 1585, 1598, 1646, 1828, 2195, 2522, 2968, 2996, 3102, 3159, 3171]
[273, 800, 1175, 1741, 1939, 2239, 2466, 2512, 3335]
[274, 42, 44, 45, 72, 77, 280, 465, 725, 993, 1150, 1158, 1326, 1417, 2512, 2638, 2794, 3391]
[275, 45, 805, 2252, 2291, 2971, 3221]
[276, 200, 326, 642, 728, 1399, 1440, 1991, 2334, 2512, 2612]
[277, 458, 633, 826, 1365, 2590, 2909]
[278, 104, 190, 216, 366, 780, 1399, 1618, 1678, 1815, 2381, 2809, 3063, 3081, 3229, 3316]
[279, 127, 288, 999, 1440, 2474, 2481, 2485, 2600, 2716, 2725]
[280, 357, 613, 615, 626, 628, 639, 1983]
[281, 219, 268, 1107, 1272, 1741, 1764, 1854, 2753, 2839, 2860]
[282, 127, 558, 666, 1353, 1969, 2016, 2026, 2389, 2799, 2952, 3484]
[283, 555, 1305, 1381, 1585, 2477, 2630, 2902]
[284, 903, 1035, 1358, 1402, 1636, 1646, 1810, 1828, 1971, 1991, 2045, 2056, 2071, 2103, 2243, 2343, 2374, 2489, 2611]
[285, 45, 55, 1494, 1790, 1791, 2376, 2377, 2448, 2449, 3081]
[286, 788, 949, 1104, 1298, 2134, 2314, 2370, 2402, 2454, 2781]
[287, 171, 903, 905, 1107, 1358, 1399, 1573, 1813, 1865]
[288, 404, 1104, 1539, 1551, 2292, 2466]
[289, 19, 216, 1098, 1125, 1371, 1612, 1714, 1741, 1793, 1794, 1987, 1991, 2182, 2207, 2243, 2474, 2534, 2557, 2726, 3173, 3244]
[290, 45, 653, 750, 1058, 1745, 1917, 2622, 2913, 3307]
[291, 216, 592, 632, 701, 817, 2567, 3340]
[292, 301, 302, 1319, 2799, 2984, 3075, 3445, 3508]
[293, 45, 166, 347, 731, 854, 1224, 1362, 2192, 3046]
[294, 43, 295, 898, 1636, 2105, 2376, 3141, 3423, 3513, 3520]
[295, 411, 700, 1070, 1107, 1274, 1889, 1893, 1961, 2063, 2259, 2409, 2507, 2512, 3139, 3338]
[296, 37, 78, 181, 200, 728, 1416, 2191, 2404, 2525, 2757]
[297, 647, 836, 1142, 1443, 1556, 1670, 2199, 2240, 2350, 2412, 2605, 3492]
[298, 45, 55, 116, 200, 215, 371, 909, 912, 938, 962, 1011, 1107, 1365, 1640, 1682, 1939, 1987, 2016, 2699, 2758, 2777, 3074, 3081, 3091, 3229, 3316, 3338, 3352, 3386, 3401, 3404, 3408, 3503]
[299, 190, 280, 288, 335, 989, 1011, 1175, 1401, 1642, 2476, 2757, 3091]
[300, 29, 866, 881, 962, 1539, 1730, 1984, 2374, 2377, 2462, 2488, 2499, 2534, 2941, 2997, 3037, 3081, 3174, 3228, 3476]
[301, 348, 935, 962, 1035, 1065, 1358, 1646, 1828, 1829, 1869, 1930, 1948, 1971, 2337, 2611, 2612, 2734]
[302, 286, 387, 409, 545, 1358, 1646]
[303, 218, 737, 1233, 1318, 1453, 2016, 2721]
[304, 55, 72, 370, 805, 1060, 1402, 1947, 1981, 1984, 2126, 2312, 2337, 2376, 2377, 2439, 2462, 2466, 2474, 2488, 2512, 2542, 2590, 2778, 3318, 3384, 3389, 3398, 3414, 3421, 3492]
[305, 430, 753, 960, 977, 1012, 1045, 1067, 1503, 1602, 1741, 2130, 2474, 3119]
[306, 865, 867, 1019, 1992, 2524, 2915, 2916, 3222]
[307, 725, 728, 766, 860, 861, 903, 945, 1035, 1054, 1122, 1175, 1358, 1364, 1368, 1411, 1628, 1636, 1646, 1764, 1769, 1810, 1828, 1829, 1869, 1870, 1939, 1942, 1947, 1948, 1971, 1984, 1991, 2033, 2045, 2046, 2047, 2056, 2071, 2103, 2243, 2293, 2343, 2411, 2489, 2533, 2542, 2546, 2556, 2611, 2612, 2613, 2615]
[308, 513, 1007, 1083, 1093, 1175, 1539, 1666, 1793, 2476, 2487, 2512, 2560, 2839, 3081, 3520]
[309, 902, 1074, 1120, 1579, 1605, 1729, 1753, 1767, 1987, 2724, 2725, 2776, 3233]
[310, 725, 1175, 1353, 1618, 1981, 3221, 3303]
[311, 37, 775, 1165, 2064, 2764, 3096]
[312, 71, 359, 862, 962, 1107, 1250, 1809, 1877, 1896, 2449, 2499, 2580, 3013, 3063, 3081, 3180, 3299, 3398]
[313, 190, 349, 728, 1358, 1646, 1854, 2343, 2449, 2484, 2626, 2999]
[314, 163, 213, 362, 1268, 1348, 1442, 1466, 1589, 2826, 3374]
[315, 270, 413, 493, 905, 939, 1002, 1081, 1100, 1107, 1362, 1409, 1443, 1496, 1731, 1854, 2094, 2231, 2462, 2694, 2725, 2839, 2919, 3048, 3063, 3146, 3174]
[316, 190, 421, 1642, 1829, 1982, 2226, 2291, 2499, 2512, 2600, 2823, 3141]
[317, 939, 1125, 1189, 1539, 1544, 1642, 1812, 1828, 2392, 2408, 2513, 2699]
[318, 45, 190, 930, 1060, 2441, 2487, 2512, 2757, 3081, 3409]
[319, 632, 1045, 1082, 1107, 1114, 1539, 1646, 1793, 1854, 2476, 2542, 2959]
[320, 29, 164, 201, 264, 1226, 2221, 2451, 2659, 3221, 3401]
[321, 116, 180, 200, 1429, 1650, 1822, 1992, 2555, 2564, 2858]
[322, 1385, 1947, 2083, 2311, 2487, 2535, 3081]
[323, 205, 242, 413, 757, 899, 1172, 1610, 2055, 2457, 2592, 2725]
[324, 85, 292, 299, 499, 550, 648, 712, 719, 1070, 1428, 1953, 2372, 2374, 2694, 2771]
[325, 171, 721, 725, 939, 999, 1100, 1107, 1636, 2047, 2056, 2207, 2244, 2567, 2588, 2611, 2740]
[326, 116, 432, 619, 1295, 1598, 1987, 2561, 2708, 2725, 3052, 3077, 3090, 3102, 3313]
[327, 570, 687, 1233, 1244, 1987, 1992, 2034, 2256, 2409, 2560, 2639, 3024, 3091]
[328, 0, 556, 568, 1427, 1436, 1522, 2125, 2259]
[329, 110, 274, 472, 1414, 2034, 2105, 2716, 2717, 3038]
[330, 78, 685, 1131, 1278, 1855, 1987, 2080, 2094, 2105, 2346, 2377, 2725, 3489]
[331, 728, 861, 962, 1646, 1794, 1828, 2047, 2243, 2264, 2348, 2442, 2474]
[332, 58, 1235, 1966, 2289, 2305, 2699, 2703, 2725, 2960, 3062]
[333, 1073, 1399, 1446, 1991, 2305, 2337, 2976, 3180]
[334, 496, 914, 1112, 1362, 1387, 1667, 1984, 2210, 2745, 3031]
[335, 37, 331, 1642, 1794, 1982, 2487, 3274]
[336, 29, 1494, 1619, 2448, 2449, 3081, 3125]
[337, 200, 292, 632, 838, 1136, 1358, 2060, 2748]
[338, 69, 335, 340, 355, 683, 885, 938, 1636, 1646, 1809, 1825, 1877, 1991, 2611, 2612, 3028, 3133, 3494]
[339, 716, 792, 1123, 1264, 1399, 1802, 2248, 2267, 2623, 3066, 3067, 3141, 3205, 3284, 3333, 3338]
[340, 2215, 2291, 2305, 2319, 2429]
[341, 77, 216, 335, 2243, 2376, 2402, 2771, 2871, 2971, 2999, 3063]
[342, 1984, 2305, 2319, 2448, 2481, 3300, 3469]
[343, 1642, 1646, 1690, 1746, 1828, 2346, 2839, 3083, 3525]
[344, 37, 55, 331, 1982, 2449, 2481, 2512, 3063, 3139, 3180, 3196, 3318, 3365, 3407, 3409, 3434, 3496]
[345, 593, 999, 1078, 1358, 1829]
[346, 280, 693, 726, 730, 997, 1011, 1646, 2016, 2244, 2397, 2422, 2498, 2582, 2920, 2953, 3064, 3412]
[347, 240, 280, 561, 710, 800, 939, 1318, 1373, 1982, 1984, 1991, 2371, 2580, 2725, 2985, 3038, 3155, 3352]
[348, 331, 882, 954, 1012, 1104, 1120, 1125, 1358, 1810, 2476, 2535, 2959, 3066, 3126, 3264, 3347, 3356]
[349, 63, 313, 752, 942, 1209, 1618]
[350, 123, 1566, 1763, 1870, 1984, 2102, 2244, 2274, 2337, 2354, 2542]
[351, 317, 691, 728, 965, 1052, 1170, 1432, 1726, 1751, 2590, 3042]
[352, 186, 805, 1402, 2560, 2596, 2607, 3287, 3522]
[353, 37, 73, 171, 190, 699, 896, 1054, 1399, 1991, 2104, 2376, 2481, 2612, 3063, 3081, 3478]
[354, 108, 377, 1574, 1940, 2057, 2208, 2341, 2992]
[355, 625, 725, 728, 732, 792, 860, 870, 945, 1035, 1054, 1068, 1101, 1358, 1374, 1636, 1646, 1769, 1810, 1828, 1829, 1869, 1939, 1947, 1948, 1971, 1991, 2018, 2033, 2040, 2045, 2046, 2047, 2071, 2102, 2223, 2244, 2266, 2312, 2337, 2343, 2407, 2428, 2462, 2542, 2611, 2613, 2624, 2725, 3514]
[356, 45, 121, 349, 380, 642, 753, 807, 1045, 1199, 1642, 2754, 2971, 2999, 3074, 3523]
[357, 190, 1646, 2481, 2499, 2659, 3141, 3180, 3339]
[358, 274, 342, 753, 962, 999, 1045, 1090, 1358, 2330, 2376, 2429, 2993]
[359, 47, 258, 1006, 1273, 2909]
[360, 58, 728, 930, 1358, 2376, 2481, 3141, 3196, 3266]
[361, 190, 311, 637, 646, 803, 805, 1402, 1714, 2023, 2257, 2339, 2351, 2376, 2448, 2449, 2488, 2512, 2535, 2546, 2564, 2569, 2600, 2636, 2975, 3042, 3081, 3098, 3141, 3162, 3197, 3318, 3347, 3357, 3496]
[362, 1810, 1904, 2149, 2311, 2413, 2460, 2474, 2590, 2617, 2803]
[363, 32, 728, 793, 962, 1069, 1114, 1135, 1175, 1948, 2034, 2047, 2377, 2449, 2489, 3081, 3478]
[364, 57, 340, 579, 648, 939, 944, 997, 1093, 1793, 2959, 3281]
[365, 59, 146, 152, 459, 1448, 2140, 2219, 3411, 3493]
[366, 1101, 2376, 2499, 2512, 2590, 2992, 3063, 3081, 3273, 3510]
[367, 1193, 1863, 2506, 2568, 2675, 2921]
[368, 121, 811, 1018, 1117, 1700, 3103, 3431, 3432, 3436, 3438, 3439, 3440, 3441]
[369, 93, 347, 725, 1220, 1362, 1646, 1806, 2491]
[370, 216, 419, 800, 1093, 1362, 1772, 1842, 2069, 2230, 2520, 2971, 3057, 3156]
[371, 249, 728, 800, 999, 1011, 1336, 1539, 1987, 2047, 2305, 2512]
[372, 25, 55, 121, 197, 333, 1077, 1387, 1735, 1771, 1828, 3041, 3046, 3294]
[373, 1423, 1436, 1438, 1677, 1790, 1987, 2244, 2409, 2505, 2512, 2593, 2693]
[374, 526, 576, 853, 2118, 3088, 3102, 3190, 3376, 3394]
[375, 161, 347, 405, 2362, 2462, 3120, 3456]
[376, 744, 1305, 1607, 1775, 2011]
[377, 121, 164, 335, 769, 999, 1046, 1143, 1516, 1539, 1604, 1654, 1722, 1978, 2019, 2080, 2126, 2309, 2500, 2526, 2859, 2933, 2992, 3356]
[378, 62, 349, 355, 358, 800, 856, 981, 1012, 1114, 1338, 1443, 1854, 2485, 2839]
[379, 37, 45, 190, 200, 280, 451, 642, 716, 996, 1073, 1402, 2918, 2971, 3020, 3047, 3098, 3125, 3138, 3156, 3324, 3471]
[380, 203, 962, 1144, 2800, 2801, 2814, 2843]
[381, 335, 548, 1539, 2179, 2793, 3192, 3354, 3472]
[382, 1012, 1075, 1143, 1539, 2128, 2314, 2659, 3156]
[383, 1890, 2144, 2168, 2278, 2285, 2287, 2875]
[384, 725, 860, 1101, 1646, 1991, 2223, 2243, 2424, 2489, 2542, 2611, 2613, 2919]
[385, 37, 249, 345, 586, 632, 1098, 1104, 1175, 1296, 1484, 1718, 1928, 1989, 2005, 2011, 2102, 2376, 2709, 2739, 2856, 2969, 3115, 3407, 3515]
[386, 45, 555, 593, 1233, 1318, 1363, 1651, 1703, 2124, 2481, 2647, 2693, 3101, 3125, 3219, 3316, 3347]
[387, 116, 624, 1175, 1769, 1808, 1978, 2410, 2538, 3141, 3179]
[388, 200, 678, 805, 875, 938, 1480, 1812, 1976, 2128, 2346, 2377, 2449, 2593, 2699, 2999, 3208, 3240, 3518]
[389, 1173, 1298, 1370, 1832, 1860, 1871, 1888, 1913, 1915, 1916, 1924, 1968, 2353, 2498, 2664, 2666, 2668, 2669, 2672, 2674, 2678, 2679, 2798, 2922, 2931, 2956]
[390, 64, 1982, 2207, 2243, 2346, 2448, 2471, 2487, 2488, 2499, 2535, 2615, 2624, 2640, 2647, 2690]
[391, 466, 962, 1021, 1114, 1679, 2725, 2805, 2824, 2944, 3446]
[392, 145, 1075, 1619, 1728, 1861, 1991]
[393, 216, 688, 699, 862, 954, 1023, 1420, 1594, 1755, 1940, 1966, 2971, 3064, 3097, 3338]
[394, 122, 1802, 1842, 1957, 1969, 2725, 2863]
[395, 1035, 1054, 1093, 1106, 1358, 1636]
[396, 29, 578, 603, 642, 1255, 1636, 3156, 3285]
[397, 217, 335, 340, 938, 970, 1805, 1908, 1971, 1984, 2077, 2325, 2512, 2544, 2546, 2612, 2847, 3419]
[398, 241, 999, 1146, 1335, 3057, 3306]
[399, 438, 522, 764, 1045, 1175, 1304, 1358, 1539, 1646, 2474, 2534, 2558, 2593, 3038]
[400, 349, 965, 1012, 1100, 1114, 2409, 2449, 2512, 2513, 2891, 3066, 3141]
[401, 996, 1060, 1177, 1277, 1399, 1636, 1913, 1946, 2249, 2463, 2499, 2548, 2600, 2690, 3081, 3249]
[402, 200, 216, 1387, 1598, 1990, 2485, 2544, 2569, 2725, 2999]
[403, 291, 509, 716, 961, 1003, 1127, 1981, 3275, 3288]
[404, 51, 207, 352, 634, 871, 970, 1630, 2660, 2819, 3053]
[405, 335, 736, 751, 812, 814, 820, 1510, 2376, 2389]
[406, 403, 978, 1246, 1512, 1647, 1812, 2509, 3154, 3505]
[407, 1318, 1361, 1399, 1463, 2067, 2725, 3081, 3184]
[408, 909, 1027, 1107, 1131, 1338, 1539, 2116, 2147, 2452, 2694, 2697, 2716, 3026, 3033]
[409, 78, 106, 218, 335, 511, 858, 897, 1085, 1987, 1991, 2082, 3091, 3213, 3226]
[410, 939, 1007, 1014, 1045, 1387, 1467, 1618, 1793, 2692, 2720, 3063, 3091, 3376, 3489]
[411, 249, 295, 348, 451, 497, 728, 1004, 1175, 1387, 1646, 1793, 1808, 2219, 2337, 2346, 2377, 2487, 2488, 2499, 2659, 2933, 3047]
[412, 45, 189, 216, 1075, 1274, 1399, 2016, 2449, 2569]
[413, 1239, 1279, 1341, 1382, 1504, 2281, 3497]
[414, 1130, 1539, 1618, 1840, 1987, 2034, 2471]
[415, 716, 767, 1104, 1107, 1726, 2034, 2207, 2512, 2704, 2897, 3130]
[416, 335, 632, 655, 800, 1516, 2034, 2373, 2568, 3046]
[417, 72, 110, 542, 1053, 1214, 1293, 2117, 2462, 2699, 2725, 2851, 2996, 3169, 3485]
[418, 353, 900, 936, 1636, 1764, 1810, 1811, 1829, 1948, 1991, 2243, 2312, 2337, 2542, 2546, 2611, 2615, 2688, 2722, 2792, 2802, 2893]
[419, 31, 589, 866, 962, 1007, 1165, 1358, 1837, 1962, 1991, 2174, 2445, 2485, 2567, 2725, 2739, 2918, 2943]
[420, 116, 249, 999, 1007, 1318, 1741, 2073, 2291, 2447, 2476, 2959]
[421, 7, 295, 485, 1277, 1539]
[422, 64, 1196, 1394, 1678, 2211]
[423, 681, 711, 721, 789, 844, 1736, 3292, 3383]
[424, 1138, 1987, 2011, 2056, 2381, 2427, 2462, 2545, 2917, 3331]
[425, 37, 716, 790, 906, 1358, 2240, 2960]
[426, 12, 45, 55, 190, 664, 954, 992, 1143, 1188, 1215, 1274, 1399, 1517, 1564, 1640, 1743, 1992, 2091, 2815, 3258, 3267]
[427, 335, 349, 533, 1143, 1618, 1849, 2102, 2624]
[428, 24, 116, 340, 497, 753, 1175, 1870, 2126, 2376, 2499, 2512, 2557, 2611, 2813, 3081, 3340]
[429, 4, 355, 381, 519, 1106, 1685, 1870, 1893, 2184]
[430, 233, 800, 805, 1082, 1083, 1125, 1443, 1463, 1636, 2444, 2725, 3152]
[431, 348, 1045, 1318, 1539, 1618, 1971, 2105, 2126, 2291, 2409, 2474, 2555, 2709, 3518, 3524]
[432, 79, 866, 927, 996, 1714, 2095, 2366]
[433, 1035, 1646, 2088, 2945, 3357, 3444]
[434, 29, 55, 224, 376, 593, 725, 728, 750, 862, 999, 1004, 1007, 1030, 1185, 1270, 1318, 1399, 1740, 1854, 2034, 2447, 2476, 2653, 2909, 3125, 3128, 3258, 3316, 3338]
[435, 451, 1085, 1214, 1329, 1445, 1584, 1617, 2466]
[436, 593, 833, 890, 1642, 1969, 2339, 2346, 2512, 2732, 3413]
[437, 37, 43, 280, 792, 1012, 1045, 1077, 1104, 1175, 1793, 2105, 2243, 3040, 3066, 3500]
[438, 204, 374, 464, 939, 1080, 1130, 1337, 1362, 1539, 1636, 1681, 1818, 1982, 1987, 2016, 2360, 2447, 2546, 2560, 3045, 3065, 3074, 3081, 3163, 3180, 3265, 3268]
[439, 211, 214, 296, 728, 860, 861, 930, 1099, 1991, 2045, 2243, 2305, 2312, 2343]
[440, 345, 703, 786, 1747, 2004, 2725, 2912, 3081]
[441, 8, 55, 331, 621, 962, 1035, 1358, 1682, 1984, 2103, 2376, 2448, 2489, 2542, 3478, 3522]
[442, 13, 769, 1324, 1468, 1626, 1679, 1812, 2118, 2725, 3343, 3401]
[443, 304, 802, 985, 1355, 1584, 2582]
[444, 331, 699, 954, 1358, 1402, 1794]
[445, 45, 637, 688, 1057, 1494, 1599, 1642, 1982, 2339, 2377, 2458, 2569, 2968, 2999, 3042, 3047, 3273, 3296, 3347]
[446, 353, 415, 493, 719, 860, 903, 945, 1035, 1829, 1952, 2047, 2102, 2411, 2428, 2611, 2722, 2802, 2919, 3087, 3212]
[447, 45, 110, 120, 131, 1854, 1991, 2289, 2377, 2720, 2739, 2839, 3063, 3177, 3196, 3333, 3380, 3500, 3514]
[448, 168, 443, 448, 449, 676, 721, 1000, 1358, 1394, 1837, 2971, 3047, 3156, 3180, 3316]
[449, 121, 170, 509, 954, 1004, 1227, 1230, 1232, 1313, 1987, 2417, 2971, 3091]
[450, 359, 574, 1358, 1691, 1848, 1984, 1991, 2811]
[451, 433, 710, 728, 1345, 1814, 1976, 2251, 3019, 3091]
[452, 110, 216, 441, 1055, 1056, 1399, 1987, 2131, 2725, 2941, 2953, 2999]
[453, 470, 595, 728, 1175, 1341, 1984, 2047, 2449, 2569, 2699, 2837, 3027, 3048]
[454, 629, 1421, 1770, 1799, 1830, 1861]
[455, 104, 121, 348, 746, 753, 875, 910, 927, 964, 979, 1088, 1101, 1105, 1126, 1134, 1450, 1578]
[456, 1045, 1077, 1100, 1539, 2073, 2476, 3091]
[457, 551, 577, 1002, 1057, 2451, 2725, 3003, 3170, 3202]
[458, 409, 1180, 1408, 1442, 1648, 1790, 1947, 2485, 3459]
[459, 55, 1035, 1175, 1358, 1402, 1636, 1849, 2016, 2657, 2659, 2699]
[460, 281, 525, 1143, 1571, 1790, 1982, 1991, 2071, 2512, 2699, 3059]
[461, 806, 1399, 2682, 2683, 2684, 2725, 3063, 3102, 3172, 3316]
[462, 451, 642, 805, 1062, 1175, 1283, 1428, 1646, 1794, 2376, 2487, 2499, 2500, 2512, 2535, 2618, 2754]
[463, 75, 193, 522, 954, 1098, 1175, 1992, 2487, 2535, 2552, 2569, 2612, 2725, 2925, 2948, 3064, 3081, 3318, 3399]
[464, 2305, 2338, 2377, 2385, 2407, 2448, 2449, 2470, 2488, 2499, 2502, 2512, 2550, 2564, 2590]
[465, 331, 497, 602, 714, 760, 817, 840, 1104, 1399, 1564, 1584, 2102, 2244, 2266, 2363, 2449, 2481, 2488, 2512, 2534, 2569, 2919, 3064, 3066, 3221, 3288, 3342, 3521]
[466, 45, 725, 805, 1764, 2116, 2719, 2720, 3080]
[467, 349, 962, 1023, 1135, 1508, 1732, 2228, 3206, 3377]
[468, 556, 721, 1332, 1367, 1414, 1498, 1796, 2630, 3124]
[469, 154, 340, 531, 585, 1011, 1224, 1407, 1636, 2725, 2728, 3036]
[470, 483, 658, 1012, 1357, 1539, 2073, 2513, 2514, 2767, 3066, 3450]
[471, 331, 708, 900, 1170, 1358, 1394, 1794, 2031, 2319, 2337, 2601, 2602, 2725, 2884]
[472, 753, 1714, 2097, 2311, 2588, 2636, 3127, 3161]
[473, 190, 216, 733, 887, 1160, 1260, 1399, 1947, 1971, 1984, 1991, 2047, 2305, 2319, 2376]
[474, 179, 997, 999, 1011, 1087, 1106, 1107, 1181, 1387, 1463, 2447, 2839, 2883]
[475, 116, 1342, 2512, 2836, 3128, 3218, 3257, 3465]
[476, 721, 1233, 1394, 1420, 1741, 1800, 1947, 2102, 2135, 2266, 2593, 2735, 2941]
[477, 37, 45, 1642, 2071, 2291, 2305, 2306, 2319, 2428, 2462, 2487, 2499, 2512, 2556, 2590, 2636, 3136, 3333]
[478, 1358, 1539, 1828, 2408, 2409, 2488]
[479, 1011, 1041, 1148, 1275, 2290, 2347, 2409, 2510]
[480, 64, 601, 1307, 1585, 1784, 1790, 2305, 2443, 2449, 2474, 2597, 2924]
[481, 200, 1790, 1792, 2305, 2346, 3081, 3180, 3206]
[482, 45, 55, 110, 280, 407, 805, 1095, 1270, 1399, 1402, 1608, 1642, 1842, 2568, 2699, 2952, 3165, 3258, 3288, 3522]
[483, 341, 538, 567, 963, 1044, 1183, 1184, 1415, 1790, 3325]
[484, 94, 359, 494, 801, 1102, 1576, 2059, 2434, 2449, 3066]
[485, 3, 1132, 1178, 1459, 1539, 2392, 2839, 3361, 3418]
[486, 342, 1058, 1060, 1608, 1715, 1794, 2034, 2394, 3385, 3520]
[487, 434, 1820, 2031, 2409, 2692, 2831, 3063, 3074, 3081, 3114]
[488, 800, 1539, 1636, 1649, 1726, 2244, 2376, 2512, 2569, 3081, 3308]
[489, 37, 1399, 1950, 2448, 2488, 2499, 2560, 2568, 2590]
[490, 191, 505, 1399, 1758, 1790, 2305, 3206, 3338]
[491, 700, 944, 1642, 2720, 2821, 3221, 3465]
[492, 15, 295, 349, 635, 699, 728, 753, 962, 1083, 1098, 1175, 1539, 1976]
[493, 209, 214, 298, 324, 353, 440, 728, 903, 930, 1175, 1358, 1636, 1809, 1810, 1952, 1984, 2020, 2045, 2071, 2102, 2103, 2243, 2244, 2311, 2312, 2337, 2343, 2489, 2542, 2546, 2556, 2611, 2615, 2624, 2625, 2919, 3025]
[494, 45, 200, 280, 728, 753, 766, 790, 882, 1163, 1190, 1358, 1399, 1714, 1802, 1809, 2181, 2255, 2291, 2306, 2481, 2590, 2612, 2615, 2769, 2971, 3042, 3128]
[495, 192, 273, 472, 1233, 1383, 2848, 2923, 3128, 3142, 3411]
[496, 1254, 1329, 1909, 2016, 2097, 2110, 2175, 2399, 2501, 2732, 3242]
[497, 426, 823, 1233, 1719, 2040, 2058, 2061, 2173, 2189, 2453, 2900]
[498, 111, 113, 349, 743, 792, 800, 1082, 1083, 1095, 1205, 1212, 1341, 1346, 1402, 1421, 1427, 1485, 2409, 2588, 2590, 2593, 2689, 2725, 3079, 3183]
[499, 45, 97, 98, 728, 1358, 1399, 1984, 2056, 2546, 2971, 3063, 3081, 3230, 3274]
[500, 71, 231, 340, 882, 962, 1012, 1100, 1175, 1726, 1769, 1810, 1869, 1948, 1971, 1984, 1987, 2047, 2120, 2123, 2130, 2260, 2291, 2338, 2343, 2411, 2429, 2487, 2534, 2542, 2550, 2556, 2737, 3200, 3410, 3468]
[501, 65, 274, 999, 1812, 2246, 2487, 2640, 2725, 2843, 3081, 3117]
[502, 939, 1435, 1539, 2128, 2839, 3063, 3500]
[503, 374, 589, 1180, 1358, 1399, 1455, 1539, 1854, 2107, 2343, 2476, 2564, 2725, 2739, 2761]
[504, 632, 2253, 2460, 2878, 2952]
[505, 1299, 1318, 1741, 2102, 2301]
[506, 328, 497, 918, 1064, 1245, 1654, 2031, 2089, 2441]
[507, 55, 110, 190, 191, 952, 1128, 1501, 1969, 2016, 2089, 2376, 2487, 2488, 2499, 2592]
[508, 190, 1082, 1362, 2685, 2716, 2981, 2988, 3102, 3346]
[509, 45, 116, 127, 222, 926, 1022, 1107, 1387, 1394, 1414, 1445, 1546, 2409, 2488, 2543, 2546]
[510, 721, 1372, 1379, 1463, 1476, 1618, 1678, 1790, 1879, 2207, 2372, 2725]
[511, 468, 945, 951, 1045, 1106, 1221, 1256, 1402, 1869, 1987, 1992, 2555, 2588, 3091, 3465]
[512, 1624, 1794, 1808, 2244, 2376, 2471, 2481, 3500]
[513, 295, 353, 375, 725, 728, 945, 1054, 1121, 1636, 1646, 1810, 1828, 1948, 1971, 2040, 2243, 2688]
[514, 37, 121, 216, 582, 1255, 2757]
[515, 728, 1726, 1854, 2034, 2488]
[516, 285, 798, 877, 1164, 1310, 1348, 1803, 1905]
[517, 200, 1318, 1636, 1794, 1870, 1982, 1991, 2725]
[518, 22, 463, 506, 765, 1445, 1462, 1539, 1708, 2185, 2473, 2778]
[519, 273, 431, 499, 1369, 1646, 1829, 2143, 2198, 2219, 2247]
[520, 18, 255, 335, 345, 954, 1076, 1110, 1402, 1506, 1539, 1981, 2016, 2131, 2497, 3081]
[521, 577, 1180, 1182, 1891, 2036, 3091, 3094, 3294]
[522, 373, 1499, 2249, 2252, 2461, 2773]
[523, 29, 51, 909, 1423, 2126]
[524, 280, 302, 721, 1020, 1614, 1976, 2435, 2603, 2615, 2725, 3140, 3216]
[525, 154, 486, 793, 1082, 1084, 1741, 1793, 2725, 3061]
[526, 78, 153, 612, 1003, 1022, 1254, 2466]
[527, 399, 733, 829, 867, 1289, 1814, 2075, 2830, 3235, 3267, 3426]
[528, 121, 335, 348, 1710, 2690, 3273]
[529, 753, 962, 1098, 2476, 2752]
[530, 295, 725, 728, 766, 860, 861, 882, 903, 930, 945, 1035, 1068, 1088, 1364, 1646, 1809, 1810, 1829, 1971, 1984, 2018, 2071, 2103, 2149, 2266, 2311, 2337, 2612, 2613, 2624, 2693, 2919, 3514]
[531, 43, 116, 637, 939, 944, 1004, 1054, 1131, 1214, 1809, 1987, 2056, 2126, 2376, 2555, 2659, 3071, 3333, 3357, 3496]
[532, 190, 1808, 1950, 2171, 2377, 2534, 2627, 2754, 2892, 2968, 3081]
[533, 82, 1539, 1937, 1991, 2497, 3081, 3175]
[534, 355, 769, 822, 939, 1812, 2207, 2291, 2499]
[535, 868, 1539, 1579, 1654, 1984, 1987, 2056, 2588, 2611, 2643, 2841, 2869, 2919, 3259]
[536, 797, 1014, 1104, 1106, 1399, 1726, 1741, 2034, 2471, 2474, 2485, 2512, 2534, 2588, 2709, 2839, 3141, 3160]
[537, 758, 792, 1175, 1399, 1788, 1982, 2429, 2499, 2569, 2590, 2610, 2699, 3137, 3518]
[538, 2, 536, 722, 907, 1387, 1562, 2720, 3257, 3326]
[539, 70, 458, 460, 462, 616, 629, 1327, 1421, 1839, 2245, 2701, 3302]
[540, 216, 1182, 1358, 2112, 2248, 2474, 2725]
[541, 65, 126, 439, 795, 1399, 1845, 2788, 3089]
[542, 134, 136, 140, 141, 142, 200, 349, 478, 726, 851, 969, 1160, 1162, 1237, 1402, 1642, 1663, 1794, 1802, 2889, 3063, 3085, 3180, 3196, 3401, 3430, 3435, 3436, 3437, 3442]
[543, 43, 116, 673, 679, 977, 1240, 1377, 1849, 1855, 2471, 2896, 3227, 3369, 3473]
[544, 615, 626, 649, 1174, 1254, 1298, 1696, 1867, 1888, 1988, 2909, 3273, 3328, 3352, 3481]
[545, 409, 1877, 1900, 2205, 2661, 2861, 3005]
[546, 190, 349, 410, 554, 1131, 1539, 1554, 1649, 1984, 2207, 2539, 2546, 2551, 2699, 2717, 2971, 2999, 3129, 3301, 3400, 3523]
[547, 267, 1023, 1873, 1984, 2031, 2255, 2599, 3141]
[548, 130, 280, 728, 733, 805, 1156, 1399, 1693, 1982, 2325, 2368, 2789, 2944, 3063, 3128, 3180, 3401]
[549, 942, 1104, 1539, 1870, 1939, 2569, 2839, 3081, 3221, 3288, 3466]
[550, 954, 1842, 2289, 2307, 2317, 2481, 3063, 3081]
[551, 37, 427, 907, 1318, 1539, 1769, 1984, 1991, 2249, 2456]
[552, 2071, 2346, 2377, 2451, 2725, 3081]
[553, 444, 677, 893, 1457, 1469, 1642, 1918, 1987, 2106, 2212, 2346, 2376, 2446, 2694, 3106, 3313]
[554, 116, 728, 805, 861, 962, 965, 1646, 1947, 1981, 2312, 2337, 2488, 2757, 2971, 3073, 3091, 3265, 3342]
[555, 996, 1321, 1402, 2053, 2216, 2376, 2448, 2512, 2918, 3342, 3471, 3494]
[556, 295, 443, 539, 588, 728, 884, 952, 1035, 1175, 1969, 3073]
[557, 1358, 1563, 1584, 1636, 1984, 2734, 3273]
[558, 347, 349, 566, 850, 2248, 2251, 2448, 2626, 2709, 2909, 2971, 3014]
[559, 43, 161, 362, 385, 390, 413, 1302, 1325, 1390, 1422, 1557, 1620, 1793, 2778]
[560, 999, 1243, 1322, 1620, 1947, 1982, 2496, 2964, 3063, 3104]
[561, 78, 1014, 1103, 1203, 1447, 1636, 1668, 1790, 1793, 2319, 2447, 2588, 3499]
[562, 1362, 1490, 1949, 1984, 2725, 2858, 3316, 3467]
[563, 395, 396, 1012, 1269, 2031]
[564, 200, 216, 625, 920, 1037, 1838]
[565, 728, 951, 1005, 1176, 1207, 1646, 1790, 2007, 2559, 2885, 3125, 3401]
[566, 637, 1646, 1948, 2266, 2305, 2307, 2319, 2343, 2376, 2476, 2481, 2512, 2542, 2611, 2865, 3081, 3398]
[567, 37, 1401, 1875, 2346, 2377, 2449, 2467, 2500, 2512, 2533, 2568]
[568, 55, 721, 930, 1399, 1747, 2207, 2513, 2569, 2720]
[569, 200, 253, 295, 324, 728, 860, 1054, 1358, 1402, 1433, 1518, 1636, 1646, 1769, 1809, 1828, 1829, 1868, 1869, 1870, 1898, 1947, 1952, 1971, 1973, 1984, 1991, 2016, 2018, 2022, 2045, 2046, 2047, 2056, 2100, 2102, 2103, 2149, 2243, 2244, 2266, 2295, 2311, 2312, 2335, 2337, 2409, 2416, 2421, 2424, 2428, 2441, 2489, 2513, 2542, 2546, 2576, 2611, 2612, 2620, 2625, 2633, 2919, 2982, 3318, 3398]
[570, 728, 860, 882, 930, 945, 1035, 1054, 1092, 1099, 1175, 1628, 1646, 1764, 1809, 1810, 1828, 1870, 1939, 1947, 1948, 1991, 2045, 2047, 2071, 2100, 2102, 2103, 2149, 2305, 2311, 2312, 2337, 2428, 2489, 2542, 2546, 2556, 2611, 2612, 2625]
[571, 962, 1636, 1987, 2344, 2725, 3124]
[572, 128, 502, 684, 1692, 2822, 3306]
[573, 35, 48, 296, 349, 1358, 1646, 2305, 2448, 2542, 2611, 2613, 3073, 3350]
[574, 29, 45, 734, 1120, 1138, 1346, 1615, 1642, 2441, 2456]
[575, 402, 593, 924, 1079, 1093, 1337, 1354, 1814, 1842, 2512, 2659, 3042]
[576, 37, 58, 210, 280, 338, 416, 602, 1074, 1528, 1991, 2207, 2368, 2652, 2918, 3063, 3134, 3196]
[577, 45, 102, 190, 196, 359, 549, 706, 854, 1047, 1063, 1095, 1107, 1191, 1193, 1272, 1362, 1488, 1524, 1551, 1602, 1642, 1643, 1748, 1812, 1854, 2001, 2023, 2193, 2203, 2219, 2348, 2481, 2547, 2577, 2724, 2725, 2926, 2949, 2961]
[578, 72, 280, 533, 728, 1011, 1091, 1107, 1445, 1646, 1906, 2210, 2244, 2383, 2462, 2466, 2542, 2557, 3043, 3197]
[579, 1149, 1161, 1872, 2302, 2613]
[580, 72, 631, 792, 2410, 2449, 2499, 2512, 2975]
[581, 239, 306, 844, 1189, 1441, 1442, 1445, 1637, 1729, 2078, 2303, 2620]
[582, 45, 410, 1083, 1794, 1982, 2102, 2291, 2512, 2975, 3333, 3342, 3434]
[583, 1093, 1114, 1628, 1741, 1854, 2106, 2487, 2499, 2500, 2546, 2720, 2839, 3081]
[584, 29, 184, 250, 413, 1236, 1319, 1987, 1991, 2141, 2203, 2288, 2423, 2542, 2568, 2725, 3191, 3398]
[585, 383, 398, 637, 1945, 2376, 2499, 2512, 2930]
[586, 263, 340, 475, 685, 739, 765, 769, 1187, 1414, 1532, 1584, 2100, 2723]
[587, 402, 469, 745, 939, 1296, 2098, 2155, 2277, 2650, 2750]
[588, 262, 1153, 1460, 1467, 1561, 2716, 2880, 2928, 2986]
[589, 299, 1318, 2405, 2449, 3174]
[590, 1284, 1520, 1521, 1741, 1744, 2207]
[591, 43, 116, 162, 234, 377, 389, 825, 1045, 1114, 1165, 1357, 1439, 1987, 2217, 2725, 2786, 3081, 3180, 3196, 3211, 3347]
[592, 55, 85, 503, 565, 699, 728, 861, 876, 1055, 1095, 1480, 1646, 1875, 1893, 1947, 1948, 1986, 2071, 2243, 2546]
[593, 127, 1227, 1234, 1382, 1987, 2466]
[594, 90, 200, 498, 658, 725, 746, 860, 962, 1035, 1790, 1810, 2709, 3518]
[595, 902, 1222, 1549, 1724, 2037, 2081, 2105, 2122, 2297]
[596, 110, 190, 844, 1120, 1539, 1642, 2466, 2499, 2500]
[597, 116, 912, 962, 997, 1107, 1131, 1585, 1739, 1991, 2056, 2073, 2319, 2343, 2346, 2376, 2481, 2512, 2720, 2879, 2909, 2961, 3081]
[598, 58, 194, 206, 312, 485, 622, 725, 728, 759, 1980, 2756, 3348, 3483]
[599, 769, 1684, 1827, 2181, 2428]
[600, 442, 713, 866, 962, 982, 1213, 1414, 2376, 2489, 2725]
[601, 288, 641, 659, 719, 1022, 1048, 1842, 2016, 2709]
[602, 45, 79, 473, 625, 652, 657, 765, 800, 999, 1012, 1114, 1539, 1917, 2189, 2512]
[603, 586, 1358, 1482, 1918, 1984, 1999, 2086, 2242, 2616]
[604, 456, 1677, 1913, 2798, 3293, 3395]
[605, 295, 860, 1175, 1798, 1870, 2111, 2358, 2542, 2612, 2616, 2699, 3162, 3196]
[606, 668, 1470, 1764, 2014, 2339]
[607, 37, 45, 58, 349, 632, 728, 962, 1175, 1358, 1506, 3096, 3180]
[608, 414, 529, 1886, 1887, 1919, 2347, 3095, 3215, 3254, 3351, 3363, 3368, 3461]
[609, 345, 716, 975, 1357, 1358, 1636, 1810, 2047, 2339, 2513]
[610, 221, 537, 593, 715, 2546, 2632, 2644, 2787, 3110, 3317, 3381, 3444]
[611, 1362, 1642, 2339, 2376, 2418, 2499, 2512, 2590, 2810, 3411]
[612, 571, 647, 750, 1954, 2376, 2449, 2488, 2499, 2512, 2535, 2564, 3354, 3523]
[613, 45, 101, 479, 620, 767, 1826, 1937, 1953, 2056, 2244, 2337, 2499, 2699, 2726, 2972, 3153, 3375]
[614, 190, 728, 1139, 1366, 1387, 1499, 2152, 2280, 2308, 3347, 3411, 3457]
[615, 71, 369, 1049, 2034, 2662, 2739]
[616, 746, 930, 935, 945, 962, 979, 999, 1012, 1065, 1088, 1092, 1099, 1105, 1136, 1358, 1450, 1636, 1646, 1810, 1828, 1856, 1869, 1948, 1991, 2047, 2071, 2103, 2227, 2243, 2312, 2343, 2489, 2542, 2556, 2573, 2611, 2621, 2748, 2803, 3297]
[617, 593, 898, 901, 926, 930, 967, 1065, 1068, 1101, 1105, 1358, 1529, 2016, 2489, 2591, 2611, 2612, 2617, 3087]
[618, 37, 80, 1399, 2346, 2448, 2449, 2487, 2535, 2564, 2569, 2624, 2649, 2975, 3085]
[619, 30, 938, 1107, 1608, 1646, 1820, 2016, 2105, 2377, 2390]
[620, 39, 173, 838, 847, 1150, 2205, 2233, 2611]
[621, 298, 335, 1035, 1090, 1399, 1636, 2534, 2604, 3054, 3207, 3233]
[622, 640, 856, 1135, 1858, 2513]
[623, 497, 1402, 1464, 1493, 2016, 2484, 2492]
[624, 1198, 1710, 1915, 2677, 2898, 2908]
[625, 164, 216, 495, 1175, 1653, 2034]
[626, 31, 1155, 1346, 1636, 2056, 2725]
[627, 1119, 1633, 1685, 1861, 1997, 2159, 2165, 2188, 2220, 2221, 2281, 2282, 2532]
[628, 172, 809, 811, 1060, 1512, 1621, 2480, 2889, 3433, 3435, 3437, 3504]
[629, 72, 374, 406, 453, 484, 1557, 1575, 1754, 2389, 2494, 2599, 2726]
[630, 1111, 1590, 1636, 1794, 2021]
[631, 1262, 1357, 1415, 1465, 1981, 2016, 2081, 2605, 2635, 2725, 2805]
[632, 805, 1341, 1402, 1646, 2422, 2499, 2999, 3081, 3288, 3333, 3401]
[633, 14, 1244, 1794, 2210, 2275, 2376, 3172, 3500]
[634, 1358, 1407, 1422, 1458, 1636, 1934, 1987, 1991, 2102, 2234, 2376, 2720, 2999, 3063, 3066, 3085, 3288]
[635, 725, 860, 1045, 1116, 1741, 1895, 2032, 2319]
[636, 280, 340, 453, 800, 962, 1318, 1714, 1843, 1987]
[637, 46, 280, 340, 1081, 1227, 1577, 1723, 1842, 1914, 2016, 2102, 2999, 3226]
[638, 1693, 2179, 2583, 2651, 2830, 2832]
[639, 522, 856, 1423, 1751, 2436, 3102, 3149, 3452]
[640, 728, 860, 861, 945, 1628, 1636, 1646, 1764, 1769, 1809, 1810, 1828, 1829, 1869, 1870, 1939, 1947, 1971, 1984, 2056, 2102, 2103, 2244, 2266, 2311, 2312, 2337, 2343, 2615, 2720, 2770, 2919]
[641, 114, 274, 340, 999, 1205, 1399, 2291, 2305, 2319, 2377, 2499, 2590, 2725]
[642, 1017, 1252, 1309, 1340, 1375, 1706, 1762, 2099, 2170, 2171, 2400, 2521, 3277]
[643, 753, 1011, 1052, 1093, 1100, 1107, 1842, 2474, 2584, 3091]
[644, 306, 409, 496, 1445, 1516, 1896, 1913, 1916, 1968, 2567, 3098, 3159, 3333, 3341]
[645, 860, 861, 903, 945, 1054, 1175, 1358, 1646, 1769, 1809, 1810, 1828, 1829, 1870, 1947, 1952, 1971, 1991, 2046, 2047, 2056, 2071, 2102, 2103, 2244, 2266, 2311, 2312, 2337, 2428, 2546, 2611, 2615, 2919]
[646, 399, 749, 796, 1329, 1347, 1445, 1487, 2373, 2389, 2818]
[647, 55, 883, 1445, 1812, 1813, 2012, 2224, 2654, 2746, 2858, 3046]
[648, 200, 953, 1483, 2433, 2555]
[649, 671, 855, 1733, 1851, 1987, 2136, 2908, 3246]
[650, 835, 1106, 1114, 1539, 1976, 2504, 2567]
[651, 349, 699, 994, 1114, 1399, 2346, 2488, 2512, 2560, 2563, 2576, 2612, 2971, 3091]
[652, 280, 436, 805, 838, 1120, 2693, 2887, 3063, 3081, 3269]
[653, 345, 753, 1082, 1093, 1114, 1318, 1994, 2126, 2207, 2431, 2583, 2709, 2839, 3174, 3450]
[654, 1982, 2449, 2455, 2512, 2579, 2999, 3401]
[655, 72, 314, 699, 1031, 1402, 1794, 1943, 2016, 2236, 2346, 2377, 2670, 2968, 2999, 3288]
[656, 1687, 2160, 2281, 2283, 2285]
[657, 335, 355, 632, 1012, 1114, 1463, 1534, 1636, 1790, 1802, 1842, 1854, 2431, 2534, 2971]
[658, 355, 922, 1011, 1402, 1453, 2376, 2725]
[659, 1340, 1812, 2355, 2512, 2625, 2999, 3162, 3180, 3316, 3369]
[660, 45, 699, 1399, 1494, 2016, 2339, 2449, 2512, 2586, 2645, 3288, 3299, 3347, 3434]
[661, 418, 775, 913, 1035, 1083, 1342, 1636, 1758, 2218, 2568, 3217, 3282]
[662, 340, 473, 1651, 2190, 3115, 3232]
[663, 746, 1790, 1875, 1976, 2534, 2825, 3162]
[664, 416, 531, 587, 1084, 1125, 1230, 1626, 1668, 2237, 2475, 2522, 2720]
[665, 1318, 1608, 1928, 2065, 2150, 2534, 2699, 2839, 2980, 3091, 3262, 3274, 3327]
[666, 318, 656, 1175, 1378, 2136, 2350]
[667, 45, 500, 679, 962, 972, 1014, 1109, 1793]
[668, 725, 882, 930, 939, 1175, 1360, 1636, 1809, 1947, 2311, 2337, 2555]
[669, 37, 55, 642, 688, 1114, 1175, 1358, 1539, 1854, 1870, 1969, 1976, 2016, 2370, 2420, 2448, 2583, 2709, 3333, 3518]
[670, 792, 896, 923, 1004, 1077, 1636, 1793, 1854, 2474, 2707, 2753, 3425, 3450, 3451, 3473]
[671, 335, 939, 1039, 1104, 1107, 2709, 2721]
[672, 168, 216, 575, 643, 730, 1399, 1794, 1958, 2083, 2255, 2376, 2512, 2535, 2907, 2971, 2975, 3063, 3125, 3258, 3273]
[673, 695, 1046, 1340, 1597, 2103, 2212, 2448, 2694, 3193]
[674, 29, 473, 753, 2207, 2458, 2534, 2564, 2590, 2709]
[675, 21, 807, 1251, 1254, 1341, 1556, 1823, 2175, 2510, 2564, 2629, 2726, 3429]
[676, 792, 1477, 1794, 1842, 1969, 2016, 2126, 2376, 2484, 2725, 3121, 3283, 3518, 3520]
[677, 714, 1402, 1808, 1809, 1953, 2513, 2528, 2543, 2576, 2699, 2725, 2821, 3063, 3081, 3180, 3322]
[678, 78, 1539, 1793, 2327, 2376, 2766, 2933]
[679, 45, 1073, 1405, 1642, 1793, 2377, 2512, 2534]
[680, 64, 1131, 1362, 1387, 1649, 1831, 1850, 2450, 2462, 2481, 2487, 2600, 2941, 2995, 3063, 3180, 3514]
[681, 483, 947, 1233, 1539, 2046, 2376, 2403, 2409, 2488, 2512, 2689, 2909, 3063, 3180, 3316, 3332, 3355]
[682, 10, 296, 725, 728, 2244, 2266, 2414, 2427, 2512, 2513, 2542, 2554, 2564, 2625, 2844]
[683, 292, 346, 347, 813, 932, 1790, 1859, 1884, 2010, 2048, 2138, 2269, 2989, 3041, 3334, 3351]
[684, 45, 1011, 2073, 2501, 2895, 2999]
[685, 1009, 1230, 1636, 1642, 1820, 2251, 2441, 2681, 2888, 3333]
[686, 617, 713, 999, 1045, 1318, 1358, 2725, 2864, 2903, 3125, 3186]
[687, 744, 997, 1727, 2925, 2975, 3063, 3081, 3180, 3196]
[688, 1035, 1175, 1539, 1740, 1950, 2487, 2512, 2542]
[689, 44, 91, 340, 1440, 1642, 1922, 2243, 2354, 2936]
[690, 274, 349, 1007, 1618, 1652, 1790, 1854, 1976, 1984, 2291, 2376, 2377, 2447, 2615, 2625, 2725, 3320]
[691, 58, 278, 1107, 1301, 1360, 1472, 2259, 2360, 2581, 2992]
[692, 340, 728, 792, 930, 962, 999, 1045, 1358, 1618, 1793, 2207, 2471, 2957, 3081, 3401, 3510]
[693, 1324, 1365, 1982, 2512, 2610, 2999]
[694, 200, 216, 280, 331, 1060, 1399, 1849, 1991, 2063, 2487, 2499, 2512, 2535, 2586, 2971, 3042, 3126]
[695, 1035, 1054, 1409, 1496, 1628, 1636, 1764, 1769, 1870, 1947, 1948, 1952, 1971, 1991, 2045, 2047, 2056, 2103, 2244, 2266, 2291, 2305, 2343, 2542, 2611]
[696, 699, 1249, 1338, 2881, 3270, 3392]
[697, 305, 309, 708, 800, 1896, 1976]
[698, 45, 1319, 1646, 1714, 1948, 1991, 2056, 2266, 2343, 2481, 2624, 3081, 3172]
[699, 329, 597, 637, 642, 2967, 2968, 3126, 3237, 3316, 3337, 3347]
[700, 64, 1494, 1642, 2248, 2251, 2289, 2339, 2458, 2564, 2889, 3063, 3081, 3180, 3196, 3449, 3496, 3514]
[701, 451, 1991, 2291, 2343, 2376, 2512, 2699, 2872, 2909, 3011, 3231, 3316]
[702, 725, 728, 860, 861, 882, 930, 945, 1175, 1358, 1636, 1646, 1809, 1829, 1939, 1947, 2046, 2103, 2243, 2244, 2311, 2312, 2337, 2489, 2546, 2757, 2919]
[703, 216, 996, 1274, 1419, 1642, 1646, 1696, 1842, 2034, 2243, 2251, 2564, 2611, 2649, 3020, 3042, 3063, 3081, 3126, 3333, 3369, 3512]
[704, 37, 246, 331, 728, 1096, 1646, 3042, 3333]
[705, 64, 110, 116, 391, 929, 1026, 1114, 1664, 1668, 2249, 2376, 2585, 2720, 3111]
[706, 55, 72, 1045, 1114, 1984, 1991, 2047, 2111, 2307, 2490, 2535, 2625, 2709, 2751]
[707, 45, 336, 728, 1115, 1348, 1539, 1558, 1583, 1656, 2108, 2297, 2584, 2896]
[708, 927, 935, 964, 1065, 1086, 1105, 1450, 1914, 2295, 2337, 2476, 2575, 2611, 2748, 3468]
[709, 110, 569, 805, 856, 1089, 1329, 1341, 1402, 1640, 2121, 2187, 2247, 2377, 2541, 2568, 2709]
[710, 335, 784, 786, 1011, 1113, 1731, 2546]
[711, 335, 406, 510, 954, 2482, 2567, 3115]
[712, 962, 1083, 1125, 1144, 2368, 2474, 2560, 2800, 3023]
[713, 60, 110, 491, 1387, 1759, 1870, 2016, 2543, 3162]
[714, 50, 556, 753, 848, 954, 982, 1213, 1330, 1810, 1828, 2241, 2289, 2365, 2391, 2546, 3124]
[715, 725, 792, 1082, 1668, 1790, 2476, 2534, 2839]
[716, 37, 391, 477, 721, 989, 1087, 1693, 1703, 1947, 1976, 2176, 2448, 2600, 2618, 2866, 3097, 3125, 3141, 3178, 3203]
[717, 378, 998, 1399, 1432, 1870, 2265, 2305, 2384, 2725, 2796]
[718, 599, 728, 1399, 1666, 2043, 2106, 2249, 2971, 3125, 3126, 3141, 3221]
[719, 938, 1820, 2183, 2709, 2983, 3049, 3094, 3113, 3121, 3143]
[720, 492, 504, 512, 746, 1045, 2612, 2725]
[721, 193, 589, 728, 800, 818, 862, 896, 1089, 1134, 1357, 1391, 1550, 1742, 1812, 2409, 2425, 2725, 2824, 3121]
[722, 1035, 1358, 1646, 1764, 2271, 2291, 2305, 2319, 2321, 2343, 2470, 2487, 2489, 2512, 2533, 2546, 2590, 2611, 2615, 2618, 2636, 3196, 3514]
[723, 29, 45, 725, 938, 1601, 1602, 1646, 1714, 1982, 2106, 2346, 2376, 2377, 2473, 2481, 2500, 2512, 2569, 2590, 2699, 3125, 3197]
[724, 45, 454, 984, 1128, 1358, 1367, 1553, 1568, 1571, 1813, 1836, 1851, 1959, 2096, 2204, 2243, 2376, 2725, 2832, 3081]
[725, 76, 358, 1253, 1402, 1987, 2431, 2512, 2659, 2804, 3401]
[726, 72, 986, 1223, 1402, 1539, 1751, 1981, 1991, 2016, 2106, 2152, 2346, 2377, 2448, 2455, 2499, 2567, 2590, 2618, 2625, 2636, 2647, 2649, 2757, 2928, 3081, 3098, 3398, 3512]
[727, 45, 725, 1802, 1806, 1984, 3081]
[728, 954, 1014, 1463, 1726, 2339, 2376, 2455, 2488, 2499, 2512, 2699, 2839, 3063, 3356]
[729, 121, 212, 478, 1640, 1764, 2564]
[730, 1045, 1175, 1539, 1794, 1854, 2105, 2395, 2409, 2560, 2611, 2647, 3091, 3141, 3342]
[731, 187, 190, 254, 509, 593, 688, 805, 996, 1052, 1313, 1399, 1564, 1636, 1642, 2106, 2291, 2305, 2307, 2319, 2346, 2376, 2377, 2422, 2448, 2488, 2499, 2512, 2535, 2590, 2618, 2699, 2975, 3125, 3126, 3140, 3180, 3197, 3273, 3333, 3339, 3356, 3365, 3404, 3409]
[732, 524, 1045, 1366, 1641, 1778, 1823, 2570, 2731, 2732]
[733, 235, 674, 841, 1040, 1667, 1669, 2499, 2725, 3121]
[734, 1025, 1261, 1362, 1539, 1760, 1791, 2725, 3042]
[735, 130, 930, 939, 1175, 1399, 2409, 2428, 3411]
[736, 20, 721, 1033, 1315, 1587, 1588, 2097, 2362, 2513, 2999]
[737, 200, 824, 889, 1070, 1077, 1081, 1399, 1733, 2207, 2503, 2549, 2924]
[738, 728, 1007, 1107, 1810, 2244, 2332, 2346, 2376, 2391, 2481, 2613, 2699, 2757]
[739, 295, 725, 728, 766, 860, 861, 882, 903, 930, 945, 1035, 1175, 1358, 1628, 1636, 1646, 1764, 1769, 1809, 1810, 1828, 1869, 1870, 1939, 1947, 1948, 1971, 1984, 1991, 2046, 2056, 2071, 2102, 2103, 2243, 2266, 2311, 2312, 2337, 2343, 2489, 2542, 2556, 2611, 2612]
[740, 504, 956, 1012, 2207, 2266, 2346, 2465, 2603, 2611, 2726, 2882, 3181, 3366]
[741, 38, 116, 259, 613, 632, 681, 951, 1114, 1331, 1348, 1720, 1793, 1905, 2726, 3383]
[742, 1443, 1539, 1618, 2126, 2130, 2207, 2249, 2376, 2377, 2449, 2512, 2555, 2564, 2690, 2923, 2971]
[743, 29, 190, 867, 900, 2449, 2487, 2512, 2556, 2612, 2840, 2965, 2999, 3401]
[744, 116, 198, 539, 709, 1104, 1114, 1494, 1709, 1912, 2047, 2725, 2975, 3057, 3137, 3388]
[745, 81, 428, 871, 880, 1263, 2566, 2726, 3229]
[746, 33, 72, 962, 1007, 1114, 1404, 1598, 1981, 2085, 2097, 2749, 3146]
[747, 23, 338, 1274, 1624, 1793, 1976, 1982, 2244, 2311, 2337, 2376, 2462, 2476, 2489, 2535, 2542, 2725, 2919, 3273]
[748, 110, 503, 584, 942, 1057, 1065, 1356, 1598, 1793, 2659, 2759, 3047, 3078, 3087, 3240, 3280, 3333, 3352, 3365, 3425]
[749, 1359, 2103, 2349, 2564, 2725]
[750, 171, 721, 792, 939, 996, 1012, 1104, 1107, 1608, 1790, 1793, 1810, 2420, 2699, 2709, 2911, 3063, 3359, 3487]
[751, 505, 1702, 1741, 2207, 2459, 2466, 2575, 2578, 3311]
[752, 295, 296, 303, 604, 766, 831, 991, 1042, 1642, 1733, 2264, 2472, 2548, 3081, 3492]
[753, 249, 331, 342, 753, 1950, 2376, 2488, 3174]
[754, 965, 1707, 2103, 2126, 2455, 2458, 2487, 2542, 2725, 2991, 3209]
[755, 321, 335, 1793, 2566, 2581, 2642, 2717, 2725, 2806, 2988, 3398]
[756, 116, 809, 810, 811, 816, 819, 851, 974, 983, 1038, 1154, 1347, 1540, 2495, 2889, 3204, 3430, 3432, 3433, 3436, 3443, 3495]
[757, 190, 731, 968, 1010, 1448, 1678, 1764, 1820, 1858, 1905, 3316, 3336, 3347]
[758, 119, 144, 811, 815, 1705, 2889, 3352, 3435, 3436]
[759, 770, 772, 809, 810, 820, 2889, 3431]
[760, 280, 903, 1206, 2291, 3197, 3357]
[761, 37, 78, 699, 954, 1764, 1810, 1870, 1903, 1948, 1991]
[762, 654, 785, 844, 1170, 1251, 1298, 1317, 1333, 1376, 1413, 1497, 1558, 1864]
[763, 523, 728, 907, 997, 1051, 1539, 1646, 1987, 2336, 3358]
[764, 575, 813, 1357, 1387, 1414, 1548, 1982, 2034, 2209, 2219, 2340]
[765, 335, 1011, 1136, 1175, 1358, 1753, 1800, 1984, 2181, 2243, 2534, 2725, 2990]
[766, 921, 1626, 1761, 2476, 2519, 2605, 2660, 3113]
[767, 316, 340, 882, 1316, 1443, 1635, 1642, 1790, 2428, 2466]
[768, 45, 122, 699, 726, 1200, 1402, 2016, 2056, 2103, 2172, 2542, 2942, 3012, 3126, 3342, 3512, 3522]
[769, 184, 296, 350, 728, 1636, 1646, 1769, 2102, 2243, 2311, 2337, 2556, 2613, 2766, 3090]
[770, 347, 744, 916, 1100, 1224, 1357, 2367, 2376, 2555, 3144, 3224, 3310, 3416]
[771, 43, 745, 753, 931, 1515, 1750, 1854, 1963, 2016, 2050, 2084, 2512, 2513, 2590]
[772, 37, 45, 110, 428, 1060, 1175, 2106, 2456, 2567]
[773, 1877, 1915, 2672, 2677, 2680]
[774, 37, 72, 216, 790, 939, 1107, 1402, 1584, 1598, 1675, 1793, 2149, 2249, 2251, 2377, 2449, 2458, 2534, 2589, 2694, 2780]
[775, 45, 200, 237, 342, 605, 632, 662, 719, 728, 1007, 1045, 1081, 1089, 1131, 1175, 1618, 1987, 2289, 2306, 2337, 2546, 2709, 2975, 3338, 3341]
[776, 253, 263, 298, 353, 556, 630, 959, 964, 1134, 1266, 1646, 1769, 1785, 1811, 1946, 2025, 2029, 2033, 2411]
[777, 15, 37, 388, 412, 862, 939, 962, 1083, 1131, 1317, 1726, 1734, 1741, 2447, 2484, 2487, 2615, 2653, 3316]
[778, 807, 1229, 1233, 1347, 1721, 1967, 2378, 2619, 2926, 3498, 3517]
[779, 37, 45, 200, 252, 725, 728, 750, 952, 1060, 1494, 1674, 1704, 1714, 1793, 1794, 1808, 1813, 1950, 1982, 2339, 2426, 2441, 2488, 2500, 2564, 2586, 2589, 2709, 3070, 3078, 3162, 3427, 3506]
[780, 6, 1175, 1559, 1614, 2186, 2228, 3123, 3192]
[781, 37, 127, 216, 996, 1277, 1494, 1964, 2013, 2016, 2512, 2585, 2757, 2910, 3032, 3047, 3081, 3092, 3274, 3286, 3295, 3357, 3398, 3490]
[782, 349, 797, 1114, 1145, 1399, 1987]
[783, 52, 261, 359, 423, 552, 1135, 1225, 1288, 1794, 1854, 2715, 2726, 2730, 2999, 3081]
[784, 45, 493, 598, 625, 1414, 1445, 1649, 1682, 1781, 1801, 2181, 2352, 2466, 2558, 2690, 2810, 3338, 3342]
[785, 340, 1287, 1305, 1318, 1489, 1783, 1991, 2266, 2339, 2725, 2761, 2894, 3044, 3059, 3063, 3081, 3102, 3180, 3357]
[786, 45, 80, 110, 665, 1204, 1671, 1714, 1794, 1950, 2166, 2315, 3401, 3511, 3518]
[787, 515, 611, 787, 792, 1045, 1097, 1114, 1153, 1492, 1540, 1812, 2026, 2079, 2080, 2253, 2377, 2512, 2713, 3299]
[788, 12, 420, 708, 807, 1011, 1297, 1970, 2105, 2914, 3047, 3230, 3305]
[789, 77, 190, 343, 783, 805, 1982, 1991, 2066, 2187, 2240, 2499, 2512, 2526, 2535, 2765, 3087, 3156, 3316, 3401]
[790, 190, 837, 1399, 1642, 2266, 2377, 2891, 3081]
[791, 115, 190, 243, 429, 828, 1636, 1664, 1714, 1794, 1952, 2027, 2243, 2315, 2343, 2716, 2725, 3044, 3113, 3288]
[792, 249, 593, 894, 1216, 1971, 2738, 3091, 3168, 3355]
[793, 882, 1175, 1358, 1636, 1764, 1810, 1984, 1991, 2376, 2448, 2636]
[794, 763, 769, 1367, 1678, 1820, 1822, 1933, 1992, 2375, 2498, 2698, 2994, 3251]
[795, 216, 573, 1011, 1036, 1714, 2266, 2658, 2725, 2848, 3119]
[796, 34, 74, 349, 641, 1360, 1741, 1769, 1992, 2092, 2273, 2490, 2534, 2567, 2580, 3333, 3503]
[797, 37, 78, 556, 928, 939, 1107, 1584, 1726, 2299, 2709, 3301]
[798, 340, 348, 753, 1100, 1175, 1465, 1645, 1790, 2582, 2610, 3524]
[799, 9, 340, 480, 521, 692, 724, 800, 1023, 1034, 1233, 1539, 1604, 1720, 1830, 1855, 2038, 2094, 2364, 2560, 2620, 2727, 2778, 3069, 3081, 3322, 3494]
[800, 349, 1087, 1106, 1358, 2534, 2560]
[801, 37, 514, 537, 1011, 1358, 1829, 2233, 2339, 2382, 2419, 2713, 3010, 3087, 3401]
[802, 218, 746, 1012, 1793, 2499, 2512, 2564, 2582, 2648, 2753]
[803, 287, 1387, 1582, 1741, 1976, 1991, 3140, 3180, 3260, 3339]
[804, 280, 999, 1011, 1699, 2725, 2953]
[805, 110, 190, 768, 965, 1057, 1066, 1505, 1642, 1657, 1658, 1987, 2322, 2408, 2422, 2431, 2439, 2512, 2564, 2797, 2968, 2975, 3162, 3221, 3227, 3273]
[806, 1358, 1494, 1636, 1642, 1764, 2458, 2488, 2499, 2512, 3063, 3081, 3180, 3196, 3434]
[807, 805, 893, 901, 1606, 1987, 2359]
[808, 205, 721, 1537, 1696, 1698, 1806, 1910, 2276, 2592, 2710, 3128, 3167, 3420]
[809, 37, 132, 134, 135, 137, 142, 155, 335, 1984, 2409, 2615, 2821, 2839]
[810, 382, 898, 1001, 1402, 2056, 2368, 2406, 3196, 3403]
[811, 236, 1415, 1794, 2131, 2725, 2735]
[812, 215, 216, 541, 728, 792, 1098, 1114, 1338, 1358, 1854, 1923, 1982, 2207, 2249, 2251, 2339, 2346, 2458, 2600, 2659, 2838, 3081, 3137, 3165, 3227]
[813, 45, 280, 497, 699, 753, 839, 997, 1143, 1714, 1741, 1794, 2699, 3126, 3146, 3197, 3261, 3273, 3333, 3342, 3496]
[814, 307, 308, 309, 540, 1099, 1584, 1638, 2035, 2337, 2376, 2427, 2582, 2626, 2638, 2781, 2921, 2971]
[815, 1490, 2500, 2611, 2754, 2799, 3266]
[816, 725, 728, 746, 753, 792, 860, 861, 870, 882, 930, 1035, 1088, 1101, 1105, 1106, 1126, 1136, 1175, 1358, 1636, 1646, 1769, 1810, 1828, 1984, 2046, 2102, 2476, 2487, 2499, 2533, 2615, 2748, 2824, 3093, 3500]
[817, 45, 801, 1584, 2540, 2699, 2725]
[818, 348, 1399, 2810, 2876, 3235, 3378, 3516]
[819, 37, 349, 930, 1011, 1369, 1494, 1636, 1952, 1982, 2243, 2489, 3274]
[820, 220, 527, 704, 755, 1431, 1486, 1564, 1776, 1985, 2967, 3317]
[821, 61, 338, 898, 996, 1527, 2488, 2564, 2793, 3187]
[822, 331, 342, 355, 534, 1007, 1035, 1059, 1083, 1093, 2215, 2291, 2376, 2725, 2839, 3091, 3126, 3162, 3276]
[823, 363, 695, 1444, 1694, 2339, 2870, 3063, 3192, 3296, 3304]
[824, 37, 45, 121, 200, 1114, 1399, 1636, 1646, 1844, 2252, 2291, 2305, 2319, 2346, 2499, 2636, 2694, 2971, 3214, 3401, 3510]
[825, 43, 55, 148, 149, 150, 177, 773, 3091, 3105, 3185, 3397]
[826, 68, 372, 389, 929, 1257, 2895, 3109, 3219, 3395]
[827, 216, 1842, 2207, 2448, 2449, 2499, 2512, 3180]
[828, 613, 615, 616, 626, 1399, 2590, 3522]
[829, 280, 334, 939, 954, 1011, 1402, 1421, 1584, 1646, 1753, 2324, 2469, 2562, 2971, 3182, 3241]
[830, 266, 282, 965, 1107, 1217, 1897, 2255, 2409, 2567, 2839, 3006, 3122, 3162, 3288, 3324, 3401, 3434]
[831, 200, 266, 725, 728, 738, 937, 1175, 1584, 1646, 1820, 1905, 1984, 2377, 2429, 2448, 3273]
[832, 296, 685, 725, 777, 1008, 1033, 1358, 1829, 1992, 2102, 2489, 2968, 2999, 3030, 3040, 3081, 3316, 3318, 3401]
[833, 583, 808, 1175, 1358, 1544, 1976, 2119, 2337, 2499, 2535, 2720, 2772, 3121]
[834, 109, 204, 1261, 1784, 1870, 3081, 3162, 3253, 3333]
[835, 45, 72, 121, 331, 367, 468, 708, 714, 747, 781, 797, 967, 1008, 1401, 1570, 1805, 2300, 2714, 2764, 2968, 2987, 3032, 3085, 3161, 3295, 3347, 3447, 3462]
[836, 340, 368, 482, 849, 1104, 1504, 1693]
[837, 725, 860, 861, 1463, 1828, 1870, 1976, 1991, 2243, 2337, 2488, 2489, 2534, 2542, 2555, 2580, 2611, 2659, 2919, 3091, 3500]
[838, 413, 716, 725, 728, 2207, 2252, 2377, 2546, 2600, 2610, 3081]
[839, 740, 1131, 1258, 1861, 2041, 2304, 2637, 3063, 3207]
[840, 116, 1045, 1099, 1107, 1125, 1806, 1854, 2130, 2346, 2376, 2449, 2839, 2968, 3073]
[841, 26, 45, 800, 859, 926, 927, 964, 967, 1012, 1045, 1065, 1068, 1086, 1088, 1101, 1105, 1114, 1364, 1374, 1450, 1536, 2617, 2982, 3116]
[842, 295, 530, 697, 728, 1424, 2234]
[843, 45, 1357, 1399, 2512, 3074, 3162]
[844, 45, 261, 846, 1113, 1893, 1984, 3347, 3364]
[845, 29, 938, 2226, 2291, 2319, 2346, 2376, 2377, 2449, 2487, 2488, 2499, 2535, 2590, 2618, 2640, 2647, 3141, 3338]
[846, 560, 593, 782, 944, 1447, 1539, 1618, 1716, 1969, 2105, 2534, 3314, 3518, 3524]
[847, 360, 1169, 1248, 1350, 1659, 1756, 1858, 1944, 2286, 2393, 2529, 2530, 2931]
[848, 1231, 1812, 2103, 2265, 2476, 2569, 2725]
[849, 728, 805, 1167, 1274, 1714, 1751, 1987, 2778, 3141]
[850, 359, 725, 728, 1972, 1987, 2449, 2458, 2695, 2839, 2950]
[851, 647, 870, 882, 930, 967, 1068, 1126, 1358, 1636, 1646, 1812, 2015, 2089, 2108, 2357, 2376, 2489, 2556, 2591, 2611, 2612, 2617]
[852, 792, 1060, 1399, 1539, 1608, 1726, 2016, 2512, 2757, 2987, 3167, 3284, 3398, 3401]
[853, 51, 88, 222, 618, 925, 1082, 1357, 1754, 1861, 2003, 2005, 2152, 2487, 2499, 2593, 3174, 3296]
[854, 834, 1229, 1249, 2019, 2376, 2999]
[855, 728, 933, 1137, 1340, 1358, 1365, 1393, 1451, 1584, 1614, 1631, 1646, 1759, 1790, 1797, 1812, 1991, 2376, 2409, 2481, 2488, 2512, 2611, 2699, 2805, 2968, 3201]
[856, 45, 345, 1100, 1106, 1143, 1402]
[857, 987, 1023, 1358, 1399, 1642, 1820, 1976, 2409, 2971, 3009, 3081, 3156]
[858, 20, 199, 593, 1083, 1282, 1402, 1905, 2377, 2487, 2488, 2647, 2649, 2839, 2909, 3022, 3047, 3276, 3523]
[859, 359, 1008, 1180, 1539, 2016, 2212, 2243, 2339, 2376, 2409, 2487, 2546, 2918]
[860, 45, 769, 912, 1280, 1365, 1598, 1764, 1975, 1982, 2521, 2582, 2609, 2992, 3151]
[861, 29, 45, 342, 728, 962, 1399, 1558, 1564, 3063, 3141, 3180, 3276, 3347, 3401, 3474]
[862, 89, 129, 256, 493, 962, 1358, 1399, 1564, 2337, 3154, 3181, 3454]
[863, 37, 1045, 2105, 2500, 2839, 3066]
[864, 801, 1478, 1646, 1857, 1928, 2244, 2376]
[865, 127, 342, 348, 721, 996, 997, 1131, 1175, 1402, 1953, 2034, 2462, 2512, 2513, 2569, 2720, 3078]
[866, 591, 637, 1196, 1341, 1402, 1657, 1897, 2207, 2249, 2270, 2298, 2342, 2449, 2487, 2564, 2569, 2585, 2839, 2999, 3342, 3351, 3361]
[867, 55, 121, 966, 1642, 2228, 2744, 3034, 3072, 3114]
[868, 340, 437, 746, 1035, 1107, 1726, 1932, 1953, 2409, 2580, 2835]
[869, 45, 121, 182, 697, 721, 823, 1045, 1233, 1234, 1420, 1626, 1987, 2027, 2228, 2481, 3081]
[870, 37, 72, 249, 306, 564, 962, 1726, 1741, 1794, 2534, 3140, 3162]
[871, 116, 409, 648, 715, 1045, 1081, 1531, 2534]
[872, 70, 279, 340, 855, 1091, 2700, 3373, 3415]
[873, 176, 216, 602, 661, 2704, 3081, 3091]
[874, 509, 816, 1410, 1552, 1790, 1965, 1991, 2009, 2473, 2725, 3147]
[875, 331, 714, 1324, 1585, 1642, 1714, 1982, 2216, 2376, 2449, 2487, 2488, 2499]
[876, 304, 340, 962, 1011, 1077, 1100, 1539, 1618, 1790, 2474, 2534, 2564, 2839, 3341, 3492, 3518]
[877, 78, 190, 340, 349, 355, 753, 800, 939, 944, 1012, 1114, 1642, 1793, 1808, 2377, 2567, 2739, 2839]
[878, 469, 594, 885, 1140, 1215, 1511, 2180, 2897]
[879, 609, 613, 2479, 2508, 2511, 2926]
[880, 63, 1123, 2197, 2217, 2527, 2534, 2542, 2839, 2855, 2862]
[881, 329, 349, 417, 999, 1175, 1479, 2376, 2757]
[882, 45, 965, 1402, 1636, 1726, 1976, 1991, 2476, 2726, 2925, 2971, 3081, 3162, 3174]
[883, 230, 600, 716, 1358, 1402, 1646, 1984, 2047, 2992, 3102, 3352]
[884, 300, 1153, 1384, 2489, 2513, 2747]
[885, 5, 108, 184, 260, 364, 467, 589, 612, 721, 873, 1259, 1353, 1420, 2697, 2785, 3091, 3113, 3245, 3461]
[886, 83, 220, 845, 1012, 1089, 1114, 1175, 2671, 2725, 2741, 2762, 2805, 3123, 3156, 3206, 3229, 3291]
[887, 335, 360, 386, 480, 689, 690, 948, 2669, 2677]
[888, 45, 190, 359, 765, 1642, 1982, 1984, 1991, 2337, 2377, 2458, 2487, 2499, 2784, 2919, 3081, 3180, 3273]
[889, 89, 1338, 1657, 2479, 2534]
[890, 365, 1022, 1063, 1476, 1571, 1744]
[891, 72, 931, 1360, 1373, 1640, 1842, 1969, 1987, 2016, 2254, 2376, 2458, 2811, 3091, 3272, 3398]
[892, 116, 322, 638, 728, 1045, 1107, 1494, 1505, 1737, 1969, 1987, 1991, 2449, 2709, 2720, 2958, 3125, 3150]
[893, 5, 37, 43, 51, 1618, 1623, 1907, 1939, 1984, 2487, 3060, 3081, 3141]
[894, 273, 280, 498, 1407, 1499, 1584, 1773, 1987, 2094, 2311, 2466, 2726, 2966, 3341]
[895, 45, 121, 190, 962, 1143, 1565, 1683]
[896, 353, 546, 940, 964, 1035, 1065, 1141, 1233, 1324, 1364, 1514, 1573, 1585, 1640, 1764, 1809, 1811, 1812, 1892, 1939, 1952, 1991, 1999, 2045, 2046, 2093, 2311, 2312, 2466, 2542, 2575, 2615, 2688, 2722, 2802, 2893, 3207, 3424, 3464]
[897, 167, 1229, 1752, 3307, 3333]
[898, 129, 171, 349, 746, 1011, 1092, 1106, 1114, 1794, 2567, 2709, 2975, 2993]
[899, 1277, 1727, 1741, 1955, 2016, 2319, 3063]
[900, 1171, 1191, 1861, 1987, 2018]
[901, 374, 697, 947, 1097, 1303, 1571, 2476, 2725, 2810]
[902, 29, 184, 254, 413, 867, 1107, 1175, 1657, 1987, 2580]
[903, 863, 1407, 1646, 1697, 1981]
[904, 1107, 1742, 1817, 1819, 1821, 2022, 2058, 2261, 2329, 2331, 2901]
[905, 45, 885, 1473, 1479, 1636, 2755, 3035, 3174]
[906, 292, 376, 745, 1146, 1407, 1969, 1981, 2027, 2114, 2262]
[907, 939, 1104, 1362, 1974, 1987, 2346, 2409, 2567]
[908, 244, 431, 575, 823, 987, 1233, 1351, 1548, 1728, 1861, 2094]
[909, 72, 190, 1338, 2016, 2687]
[910, 112, 295, 296, 335, 353, 670, 725, 861, 903, 927, 930, 979, 1086, 1101, 1364, 1397, 1411, 1450, 1523, 1536, 1636, 1646, 1769, 1811, 1862, 1885, 1942, 1948, 1952, 2045, 2071, 2149, 2263, 2266, 2335, 2411, 2413, 2448, 2512, 2556, 2590, 2611, 2625, 2641, 2688, 2748, 3190, 3305, 3424]
[911, 43, 504, 792, 1056, 1343, 1809, 1947, 2046, 2102, 2177, 2244, 2266, 2311, 2312, 2337]
[912, 728, 862, 1270, 1274, 1277, 1796, 2535, 2807]
[913, 627, 2103, 2297, 2512, 2790, 2821]
[914, 487, 493, 550, 552, 573, 604, 886, 1004, 1071, 1114, 1281, 1318, 1539, 1591, 2361, 2493, 2683, 2962, 3354]
[915, 716, 773, 1106, 1338, 1360, 1741, 1987, 2271, 2332, 2725, 2839, 3091, 3434]
[916, 348, 1060, 1608, 2102, 2172, 2244, 2251, 2441, 2488, 2779]
[917, 45, 707, 1599, 1618, 1726, 1741, 2709, 3174]
[918, 133, 1318, 1357, 1539, 1854, 2207, 2213, 2240, 2391, 2659, 2709, 2739]
[919, 116, 352, 593, 1820, 1987, 2487, 2659, 3066, 3257]
[920, 990, 1100, 1109, 1435, 2555]
[921, 335, 477, 999, 1072, 1082, 1318, 1913, 1916, 2094, 2105, 2130, 2534, 2588, 2709, 2758, 2881, 3323, 3353, 3450]
[922, 103, 125, 274, 275, 608, 2232, 3081]
[923, 792, 915, 1449, 2203, 2252, 3372]
[924, 37, 184, 1399, 1982, 2291, 2376, 2448, 2449, 2488, 2499, 2512, 2568, 2569, 2590, 2618, 3081]
[925, 247, 632, 721, 792, 944, 946, 1045, 1089, 1227, 1233, 1358, 1422, 1443, 1539, 1870, 1987, 2346, 2466, 2474, 2555]
[926, 289, 340, 436, 515, 721, 753, 1089, 1106, 1195, 1196, 2073, 2207, 2513, 2709, 3174, 3338, 3510]
[927, 116, 121, 200, 249, 1004, 1083, 1087, 1125, 1233, 1668, 2126, 2471, 2544, 2555, 2588]
[928, 871, 1931, 2157, 2725, 2857, 3225]
[929, 301, 650, 1475, 1579, 1711, 1759, 2148]
[930, 121, 127, 1790, 1982, 3047, 3324]
[931, 62, 1285, 1984, 2222, 2490, 2512, 2963, 3235]
[932, 1, 45, 593, 632, 699, 1131, 1358, 1642, 1844, 1939, 2339, 2376, 2441, 2449, 2487, 2512, 2542, 2725, 2999, 3016, 3085, 3365]
[933, 939, 1636, 2319, 2346, 2377, 2487, 2488, 2512, 2556, 2590]
[934, 51, 216, 2079, 2201, 3135, 3411]
[935, 122, 190, 277, 331, 349, 725, 728, 860, 861, 1045, 1358, 1399, 1402, 1646, 1764, 1870, 1971, 1984, 2016, 2047, 2319, 2725, 3063, 3081, 3091, 3126, 3180, 3281, 3342, 3356]
[936, 274, 1011, 1093, 1199, 1399, 1539, 1564, 1580, 1636, 1730, 1854, 3081, 3258]
[937, 82, 725, 728, 861, 903, 950, 1035, 1075, 1358, 1491, 1628, 1636, 1646, 1809, 1810, 1828, 1829, 1870, 1939, 1947, 1948, 1971, 2045, 2046, 2047, 2056, 2243, 2266, 2311, 2312, 2337, 2343, 2427, 2489]
[938, 45, 110, 575, 721, 1090, 1120, 1630, 1678, 1978]
[939, 2289, 2588, 2696, 2968, 2999, 3046, 3214, 3257, 3336]
[940, 29, 37, 56, 78, 356, 1046, 1344, 1465, 1636, 1794, 2828, 2940, 3035, 3076, 3519]
[941, 245, 543, 652, 1012, 1793]
[942, 45, 73, 103, 425, 645, 962, 1113, 1294, 1513, 1646, 1710, 1764, 1991, 2291, 2500, 2690, 2725, 3102, 3213, 3229, 3290]
[943, 841, 1175, 1636, 2148, 2244, 2266, 2311, 2337, 2512, 3084]
[944, 45, 111, 174, 413, 428, 491, 559, 728, 825, 839, 855, 1013, 1346, 1348, 1394, 1404, 1431, 1432, 1434, 1438, 1550, 1630, 1711, 1764, 1820, 1933, 2022, 2337, 2387, 2409, 2590, 2611, 2654, 2805, 2816, 2851, 3195, 3428]
[945, 55, 331, 1143, 1274, 1360, 1399, 1454, 1794, 1802, 2248, 2628, 2999, 3126, 3273, 3324]
[946, 774, 1131, 1636, 2834, 3338, 3358]
[947, 1318, 1365, 1700, 2725, 3206]
[948, 335, 897, 1083, 1399, 1794, 1938, 1987, 2455, 2488, 2926, 3125]
[949, 1811, 2376, 2488, 2512, 2564, 2992, 3352]
[950, 100, 195, 650, 2481, 3107]
[951, 667, 891, 2240, 2439, 2466, 2725, 3042, 3248]
[952, 335, 409, 431, 753, 999, 2476, 2629, 3518]
[953, 296, 725, 728, 766, 860, 861, 882, 903, 930, 945, 1022, 1035, 1054, 1175, 1358, 1628, 1636, 1646, 1764, 1769, 1809, 1810, 1828, 1829, 1869, 1870, 1939, 1947, 1948, 1952, 1971, 1984, 1991, 2045, 2046, 2047, 2056, 2071, 2102, 2103, 2127, 2243, 2244, 2266, 2291, 2305, 2311, 2312, 2319, 2337, 2343, 2376, 2427, 2428, 2429, 2462, 2489, 2533, 2542, 2546, 2556, 2611, 2612, 2613, 2615, 2919]
[954, 258, 355, 1241, 1539, 1834, 1841, 2056]
[955, 58, 445, 758, 1107, 1131, 1209, 1399, 1449, 1981, 2039, 2196, 2254, 2291, 2580, 2709, 2789, 2909, 2979, 3252, 3267]
[956, 45, 190, 347, 699, 1861, 1959, 1991, 2243, 2462, 2694, 3288, 3324, 3330]
[957, 78, 2448, 2481, 2542, 2639, 3283]
[958, 190, 254, 316, 884, 1056, 1399, 2346, 2499, 2512, 2569, 2968, 3180]
[959, 216, 882, 1035, 1636, 2113, 2483, 3078, 3081, 3157, 3304, 3316, 3379]
[960, 1107, 1399, 1744, 1987, 2034, 2261, 2313, 2374, 2376, 2489]
[961, 1286, 1323, 1387, 1399, 1494, 1636, 1646, 2427, 2449, 2476, 2481, 2999, 3091, 3279]
[962, 1012, 1081, 1089, 1399, 1414, 1921, 2499, 2512, 2580, 2627, 2739, 2798, 2959, 3066, 3467, 3520]
[963, 145, 348, 399, 1316, 1948, 2868, 3112, 3118]
[964, 2243, 2538, 2564, 2569, 2624, 3042]
[965, 965, 1014, 1057, 1175, 1214, 1528, 1572, 1618, 1672, 2016, 2102, 2119, 2244, 2311, 2555, 2580, 3078, 3139, 3273, 3352]
[966, 113, 175, 596, 728, 800, 1277, 1358, 1452, 1790, 1809, 1855, 1870, 1976, 1984, 1991, 2017, 2103, 2207, 2243, 2244, 2498, 2542, 2556, 2720, 2739, 2930, 2938, 2942, 3082, 3098, 3341, 3512]
[967, 191, 708, 911, 1539, 1740, 1947, 2244, 2387, 2396, 2420, 2448, 2725, 3081]
[968, 691, 907, 1150, 1644, 1646, 1987, 2512, 2522, 2537, 2594, 2640, 2742]
[969, 45, 1712, 1971, 2016, 2377, 2449, 2564, 2647, 3063, 3398]
[970, 1526, 2284, 2296, 2380, 2468, 2682, 2755, 2866]
[971, 528, 544, 712, 882, 1242, 1380, 1402, 1646, 1987, 2028, 2103, 2169, 2200, 2376, 2489, 2500, 2531, 2588, 2624]
[972, 99, 553, 1401, 1876, 1987, 2488, 3031]
[973, 45, 754, 1431, 2534, 2726]
[974, 190, 999, 1977, 2476, 2555]
[975, 4, 228, 325, 430, 857, 1118, 1119, 1155, 1175, 2097, 2154, 2162, 2163, 2166, 2846]
[976, 1774, 1903, 1982, 2761, 2866, 3076, 3148]
[977, 223, 342, 345, 409, 1083, 1131, 1443, 1790, 1969, 2588]
[978, 40, 686, 1271, 1389, 1445, 1546, 1896, 2320, 2417, 2486, 2830]
[979, 45, 122, 1642, 2212, 2376, 3137, 3180, 3196]
[980, 280, 355, 632, 725, 728, 792, 861, 1035, 1100, 1107, 1399, 1646, 1793, 1828, 2034, 2103, 2243, 2512, 2535, 2555, 2561, 2567, 2624, 2971]
[981, 280, 753, 1012, 1083, 1265, 1318, 1338, 1734, 1987, 2249, 2318, 2449, 2534, 2555, 2580, 2839, 2971, 3098, 3162]
[982, 190, 226, 384, 1045, 2794, 2850]
[983, 40, 184, 224, 284, 750, 817, 1045, 1131, 2458]
[984, 170, 340, 344, 348, 401, 595, 996, 1307, 1640, 1842, 1991, 2016, 2376, 2449, 2535, 2546, 2615, 2954, 3081]
[985, 471, 482, 1110, 1745, 1882, 2049, 2328, 2935, 2959]
[986, 29, 335, 347, 728, 1011, 1093, 1131, 1336, 2207, 2376, 2448, 2476, 2488, 2499, 2512, 2544, 2553, 2564, 2606, 2636, 2659, 2725, 3162, 3174, 3524]
[987, 225, 563, 805, 854, 962, 1045, 1175, 1992, 2998, 3067, 3081, 3271]
[988, 323, 379, 450, 866, 962, 1230, 1408, 1424, 1456, 1547, 1855, 2992]
[989, 353, 674, 717, 1807, 1846, 3463]
[990, 116, 216, 335, 474, 753, 1083, 1443, 1618, 1976, 1981, 1987, 2388, 2447, 2471, 2534, 2555]
[991, 835, 1175, 1290, 1329, 1346, 1421, 1495, 1496, 1497, 1518, 1768, 1780, 1863, 1921, 2291, 2305, 2415, 2635, 2672, 2925]
[992, 87, 216, 348, 428, 1011, 1089, 1130, 1634, 1790, 1793, 2249, 2346, 2449, 2971, 3137]
[993, 119, 825, 908, 1502, 1655, 1766, 1901, 2052, 2104, 2257, 2845]
[994, 280, 1143, 1345, 1981, 2409, 2512, 2709, 2719, 2768, 3047, 3063, 3129, 3195, 3214, 3319, 3398, 3458, 3522]
[995, 882, 1114, 1291, 1394, 1406, 1701, 1812, 2198, 2476, 2548, 2611, 2725]
[996, 1984, 2376, 2499, 2757, 3074, 3273]
[997, 116, 165, 1399, 1741, 1762, 1793, 1991, 1992, 2006, 2205, 2725]
[998, 352, 776, 2512, 2720, 3322, 3401]
[999, 342, 493, 712, 714, 716, 999, 1362, 1726, 1740, 1987, 2291, 2305, 2376, 2377, 2448, 2449, 2476, 2487, 2488, 2499, 2512, 2535, 2584, 2590, 2739, 2918, 3064, 3409]
